0 0.83545197740113 0.008960098870056502 0.9171080508474576 0.008960098870056502 0.9171080508474576 0.11489230225988702 0.83545197740113 0.11489230225988702
0 0.7251059322033899 0.029925847457627122 0.8288312146892656 0.029925847457627122 0.8288312146892656 0.14468573446327684 0.7251059322033899 0.14468573446327684
0 0.656691384180791 0.06634004237288137 0.7217955508474576 0.06634004237288137 0.7217955508474576 0.16565148305084745 0.656691384180791 0.16565148305084745
0 0.5540695621468926 0.05971927966101696 0.651174081920904 0.05971927966101696 0.651174081920904 0.1777895480225989 0.5540695621468926 0.1777895480225989
0 0.455861581920904 0.07737464689265537 0.5540695621468926 0.07737464689265537 0.5540695621468926 0.2053760593220339 0.455861581920904 0.2053760593220339
0 0.3333774717514124 0.12703036723163844 0.439309675141243 0.12703036723163844 0.439309675141243 0.23627295197740114 0.3333774717514124 0.23627295197740114
0 0.24179025423728817 0.0001324152542372932 0.3245497881355932 0.0001324152542372932 0.3245497881355932 0.06634004237288137 0.24179025423728817 0.06634004237288137
0 0.3355843926553672 0.005649717514124299 0.455861581920904 0.005649717514124299 0.455861581920904 0.06523658192090397 0.3355843926553672 0.06523658192090397
0 0.15572033898305082 0.005649717514124299 0.24289371468926557 0.005649717514124299 0.24289371468926557 0.07737464689265537 0.15572033898305082 0.07737464689265537
0 0.006753177966101698 0.008960098870056502 0.07516772598870058 0.008960098870056502 0.07516772598870058 0.11599576271186442 0.006753177966101698 0.11599576271186442
0 0.2638594632768362 0.13916843220338984 0.3289636299435028 0.13916843220338984 0.3289636299435028 0.2627560028248588 0.2638594632768362 0.2627560028248588
0 0.15792725988700568 0.17116878531073446 0.24510063559322037 0.17116878531073446 0.24510063559322037 0.2704802259887006 0.15792725988700568 0.2704802259887006
0 0.07516772598870058 0.17006532485875706 0.14909957627118642 0.17006532485875706 0.14909957627118642 0.3113082627118644 0.07516772598870058 0.3113082627118644
0 0.005649717514124297 0.17227224576271186 0.07406426553672318 0.17227224576271186 0.07406426553672318 0.3388947740112994 0.005649717514124297 0.3388947740112994
0 0.772554731638418 0.2020656779661017 0.9060734463276836 0.2020656779661017 0.9060734463276836 0.3035840395480226 0.772554731638418 0.3035840395480226
0 0.7537959039548023 0.3046875 0.879590395480226 0.3046875 0.879590395480226 0.3708951271186441 0.7537959039548023 0.3708951271186441
0 0.7339336158192091 0.3786193502824859 0.868555790960452 0.3786193502824859 0.868555790960452 0.4911723163841808 0.7339336158192091 0.4911723163841808
0 0.7228990112994351 0.4933792372881356 0.8497969632768361 0.4933792372881356 0.8497969632768361 0.6235875706214689 0.7228990112994351 0.6235875706214689
0 0.5176553672316384 0.288135593220339 0.6445533192090396 0.288135593220339 0.6445533192090396 0.4348958333333333 0.5176553672316384 0.4348958333333333
0 0.41944738700564976 0.310204802259887 0.5099311440677966 0.310204802259887 0.5099311440677966 0.4415165960451977 0.41944738700564976 0.4415165960451977
0 0.3234463276836158 0.332274011299435 0.41393008474576276 0.332274011299435 0.41393008474576276 0.4580685028248588 0.3234463276836158 0.4580685028248588
0 0.22413488700564976 0.3565501412429379 0.3223428672316384 0.3565501412429379 0.3223428672316384 0.4823446327683616 0.22413488700564976 0.4823446327683616
0 0.1226165254237288 0.3830331920903955 0.22413488700564976 0.3830331920903955 0.22413488700564976 0.5088276836158192 0.1226165254237288 0.5088276836158192
0 0.0012358757062146952 0.4095162429378531 0.120409604519774 0.4095162429378531 0.120409604519774 0.5474487994350282 0.0012358757062146952 0.5474487994350282
0 0.483448093220339 0.4768273305084746 0.6136564265536724 0.4768273305084746 0.6136564265536724 0.6224841101694915 0.483448093220339 0.6224841101694915
0 0.37751588983050843 0.5077242231638418 0.4790342514124294 0.5077242231638418 0.4790342514124294 0.6456567796610169 0.37751588983050843 0.6456567796610169
0 0.2704802259887006 0.5286899717514124 0.37972281073446323 0.5286899717514124 0.37972281073446323 0.6522775423728813 0.2704802259887006 0.6522775423728813
0 0.1822033898305085 0.5540695621468926 0.266066384180791 0.5540695621468926 0.266066384180791 0.6875882768361581 0.1822033898305085 0.6875882768361581
0 0.08068502824858759 0.5739318502824858 0.1777895480225989 0.5739318502824858 0.1777895480225989 0.7052436440677966 0.08068502824858759 0.7052436440677966
0 0.004546257062146897 0.6114495056497175 0.07958156779661019 0.6114495056497175 0.07958156779661019 0.739450918079096 0.004546257062146897 0.739450918079096
0 0.6644156073446328 0.6931055790960451 0.8122793079096045 0.6931055790960451 0.8122793079096045 0.7990377824858756 0.6644156073446328 0.7990377824858756
0 0.6368290960451978 0.8067620056497175 0.7637270480225988 0.8067620056497175 0.7637270480225988 0.9038665254237288 0.6368290960451978 0.9038665254237288
0 0.6136564265536724 0.9082803672316384 0.7384537666218823 0.9082803672316384 0.7384537666218823 0.998046875 0.6136564265536724 0.998046875
0 0.43379237288135597 0.7206920903954802 0.549655720338983 0.7206920903954802 0.549655720338983 0.8222104519774011 0.43379237288135597 0.8222104519774011
0 0.3333774717514124 0.7317266949152542 0.439309675141243 0.7317266949152542 0.439309675141243 0.8696592514124293 0.3333774717514124 0.8696592514124293
0 0.21861758474576276 0.7548993644067796 0.321239406779661 0.7548993644067796 0.321239406779661 0.901659604519774 0.21861758474576276 0.901659604519774
0 0.1215130649717514 0.7769685734463276 0.2086864406779661 0.7769685734463276 0.2086864406779661 0.9060734463276836 0.1215130649717514 0.9060734463276836
0 0.006753177966101698 0.8078654661016949 0.1082715395480226 0.8078654661016949 0.1082715395480226 0.9391772598870056 0.006753177966101698 0.9391772598870056
0 0.38082627118644063 0.9204184322033898 0.5066207627118644 0.9204184322033898 0.5066207627118644 0.9943502824858756 0.38082627118644063 0.9943502824858756
0 0.1877206920903955 0.9424876412429378 0.3642743644067796 0.9424876412429378 0.3642743644067796 0.995453742937853 0.1877206920903955 0.995453742937853
