0 0.25830078125 0.007649739583333316 0.36083984375 0.007649739583333316 0.36083984375 0.09716796874999999 0.25830078125 0.09716796874999999
0 0.2859700520833333 0.06136067708333332 0.4178059895833333 0.06136067708333332 0.4178059895833333 0.18180338541666666 0.2859700520833333 0.18180338541666666
0 0.18831380208333331 0.17529296875 0.3136393229166667 0.17529296875 0.3136393229166667 0.30875651041666663 0.18831380208333331 0.30875651041666663
0 0.12483723958333331 0.10530598958333331 0.25830078125 0.10530598958333331 0.25830078125 0.24202473958333334 0.12483723958333331 0.24202473958333334
0 0.006022135416666657 0.002766927083333315 0.18505859375 0.002766927083333315 0.18505859375 0.17692057291666666 0.006022135416666657 0.17692057291666666
0 0.002766927083333315 0.24039713541666666 0.14925130208333331 0.24039713541666666 0.14925130208333331 0.44873046875 0.002766927083333315 0.44873046875
0 0.43408203125000006 0.20621744791666666 0.57568359375 0.20621744791666666 0.57568359375 0.3592122395833333 0.43408203125000006 0.3592122395833333
0 0.3722330729166667 0.27457682291666663 0.5040690104166667 0.27457682291666663 0.5040690104166667 0.40966796875 0.3722330729166667 0.40966796875
0 0.30712890625 0.3347981770833333 0.4471028645833333 0.3347981770833333 0.4471028645833333 0.4617513020833333 0.30712890625 0.4617513020833333
0 0.26318359375 0.40966796875 0.4015299479166667 0.40966796875 0.4015299479166667 0.5480143229166666 0.26318359375 0.5480143229166666
0 0.19482421875 0.4812825520833333 0.3380533854166667 0.4812825520833333 0.3380533854166667 0.6017252604166666 0.19482421875 0.6017252604166666
0 0.13297526041666666 0.5349934895833334 0.2615559895833333 0.5349934895833334 0.2615559895833333 0.6603190104166666 0.13297526041666666 0.6603190104166666
0 0.07438151041666666 0.60009765625 0.18180338541666669 0.60009765625 0.18180338541666669 0.7107747395833334 0.07438151041666666 0.7107747395833334
0 0.017415364583333315 0.66357421875 0.12483723958333331 0.66357421875 0.12483723958333331 0.7677408854166666 0.017415364583333315 0.7677408854166666
0 0.002766927083333315 0.7156575520833334 0.06949869791666666 0.7156575520833334 0.06949869791666666 0.8426106770833334 0.002766927083333315 0.8426106770833334
0 0.5382486979166667 0.3152669270833333 0.67822265625 0.3152669270833333 0.67822265625 0.4519856770833333 0.5382486979166667 0.4519856770833333
0 0.5089518229166667 0.40641276041666663 0.6359049479166667 0.40641276041666663 0.6359049479166667 0.5284830729166666 0.5089518229166667 0.5284830729166666
0 0.4308268229166667 0.4666341145833333 0.54638671875 0.4666341145833333 0.54638671875 0.5789388020833334 0.4308268229166667 0.5789388020833334
0 0.35595703125 0.50732421875 0.49755859375000006 0.50732421875 0.49755859375000006 0.63916015625 0.35595703125 0.63916015625
0 0.29248046875 0.5626627604166666 0.4308268229166667 0.5626627604166666 0.4308268229166667 0.6944986979166666 0.29248046875 0.6944986979166666
0 0.16715494791666669 0.6863606770833334 0.3136393229166667 0.6863606770833334 0.3136393229166667 0.82470703125 0.16715494791666669 0.82470703125
0 0.2566731770833333 0.6505533854166666 0.36572265625 0.6505533854166666 0.36572265625 0.7579752604166666 0.2566731770833333 0.7579752604166666
0 0.11507161458333331 0.7579752604166666 0.23714192708333331 0.7579752604166666 0.23714192708333331 0.8816731770833334 0.11507161458333331 0.8816731770833334
0 0.07275390625 0.8279622395833334 0.20296223958333331 0.8279622395833334 0.20296223958333331 0.9597981770833334 0.07275390625 0.9597981770833334
0 0.6717122395833333 0.4959309895833333 0.8068033854166667 0.4959309895833333 0.8068033854166667 0.6359049479166666 0.6717122395833333 0.6359049479166666
0 0.53662109375 0.59521484375 0.72705078125 0.59521484375 0.72705078125 0.7791341145833334 0.53662109375 0.7791341145833334
0 0.4178059895833333 0.7726236979166666 0.5545247395833333 0.7726236979166666 0.5545247395833333 0.90771484375 0.4178059895833333 0.90771484375
0 0.3592122395833333 0.8361002604166666 0.4796549479166667 0.8361002604166666 0.4796549479166667 0.97119140625 0.3592122395833333 0.97119140625
0 0.2941080729166667 0.9044596354166666 0.4015299479166667 0.9044596354166666 0.4015299479166667 0.9939778645833334 0.2941080729166667 0.9939778645833334
0 0.7970377604166667 0.6456705729166666 0.8898111979166667 0.6456705729166666 0.8898111979166667 0.7449544270833334 0.7970377604166667 0.7449544270833334
0 0.72216796875 0.6993815104166666 0.8523763020833333 0.6993815104166666 0.8523763020833333 0.82470703125 0.72216796875 0.82470703125
0 0.6424153645833333 0.76123046875 0.7628580729166667 0.76123046875 0.7628580729166667 0.8800455729166666 0.6424153645833333 0.8800455729166666
0 0.5691731770833333 0.8035481770833334 0.70751953125 0.8035481770833334 0.70751953125 0.95654296875 0.5691731770833333 0.95654296875
0 0.49267578125000006 0.9093424479166666 0.6472981770833333 0.9093424479166666 0.6472981770833333 0.9972330729166666 0.49267578125000006 0.9972330729166666
0 0.8474934895833333 0.3201497395833333 0.9842122395833333 0.3201497395833333 0.9842122395833333 0.4617513020833333 0.8474934895833333 0.4617513020833333
0 0.73681640625 0.21110026041666666 0.8556315104166667 0.21110026041666666 0.8556315104166667 0.3250325520833333 0.73681640625 0.3250325520833333
0 0.6700846354166667 0.13785807291666666 0.7921549479166667 0.13785807291666666 0.7921549479166667 0.2762044270833333 0.6700846354166667 0.2762044270833333
0 0.61474609375 0.06624348958333331 0.7449544270833333 0.06624348958333331 0.7449544270833333 0.19482421875 0.61474609375 0.19482421875
0 0.5545247395833333 0.006022135416666648 0.6961263020833333 0.006022135416666648 0.6961263020833333 0.13297526041666666 0.5545247395833333 0.13297526041666666
0 0.75146484375 0.004394531249999982 0.8605143229166667 0.004394531249999982 0.8605143229166667 0.10205078124999999 0.75146484375 0.10205078124999999
0 0.7970377604166667 0.07275390624999999 0.90771484375 0.07275390624999999 0.90771484375 0.16878255208333334 0.7970377604166667 0.16878255208333334
0 0.8670247395833333 0.12972005208333334 0.9646809895833333 0.12972005208333334 0.9646809895833333 0.23551432291666666 0.8670247395833333 0.23551432291666666
