0 0.6313117937853108 0.7758651129943502 0.7902100988700564 0.7758651129943502 0.7902100988700564 0.9634533898305084 0.6313117937853108 0.9634533898305084
0 0.5364141949152542 0.8233139124293785 0.6224841101694916 0.8233139124293785 0.6224841101694916 0.9303495762711864 0.5364141949152542 0.9303495762711864
0 0.4481373587570622 0.7913135593220338 0.5308968926553672 0.7913135593220338 0.5308968926553672 0.9215218926553672 0.4481373587570622 0.9215218926553672
0 0.38744703389830504 0.7824858757062146 0.4404131355932204 0.7824858757062146 0.4404131355932204 0.8994526836158192 0.38744703389830504 0.8994526836158192
0 0.3344809322033898 0.7714512711864406 0.37861935028248583 0.7714512711864406 0.37861935028248583 0.8917284604519773 0.3344809322033898 0.8917284604519773
0 0.21972104519774016 0.7582097457627118 0.2969632768361582 0.7582097457627118 0.2969632768361582 0.8674523305084745 0.21972104519774016 0.8674523305084745
0 0.15351341807909602 0.7515889830508474 0.21751412429378536 0.7515889830508474 0.21751412429378536 0.8586246468926553 0.15351341807909602 0.8586246468926553
0 0.07516772598870058 0.728416313559322 0.14137535310734461 0.728416313559322 0.14137535310734461 0.8376588983050847 0.07516772598870058 0.8376588983050847
0 0.0 0.7158518265823997 0.06192620056497178 0.7158518265823997 0.06192620056497178 0.8365554378531073 0.0 0.8365554378531073
0 0.005649717514124297 0.5154484463276836 0.1380649717514124 0.5154484463276836 0.1380649717514124 0.6600017655367231 0.005649717514124297 0.6600017655367231
0 0.3455155367231638 0.5750353107344632 0.40951624293785316 0.5750353107344632 0.40951624293785316 0.6809675141242937 0.3455155367231638 0.6809675141242937
0 0.2704802259887006 0.5176553672316384 0.3388947740112994 0.5176553672316384 0.3388947740112994 0.6324152542372881 0.2704802259887006 0.6324152542372881
0 0.2042725988700565 0.4591719632768362 0.2638594632768362 0.4591719632768362 0.2638594632768362 0.5739318502824858 0.2042725988700565 0.5739318502824858
0 0.1292372881355932 0.4062058615819209 0.1932379943502825 0.4062058615819209 0.1932379943502825 0.5198622881355932 0.1292372881355932 0.5198622881355932
0 0.07516772598870058 0.3521362994350283 0.1182026836158192 0.3521362994350283 0.1182026836158192 0.4602754237288136 0.07516772598870058 0.4602754237288136
0 0.0023393361581920957 0.24289371468926554 0.06523658192090398 0.24289371468926554 0.06523658192090398 0.4205508474576271 0.0023393361581920957 0.4205508474576271
0 0.06744350282485878 0.2892390536723164 0.14799611581920902 0.2892390536723164 0.14799611581920902 0.3488259180790961 0.06744350282485878 0.3488259180790961
