0 0.24202473958333331 0.002766927083333315 0.3722330729166667 0.002766927083333315 0.3722330729166667 0.06624348958333331 0.24202473958333331 0.06624348958333331
0 0.33642578125 0.004394531249999982 0.4552408854166667 0.004394531249999982 0.4552408854166667 0.10530598958333331 0.33642578125 0.10530598958333331
0 0.4178059895833333 0.009277343749999983 0.55126953125 0.009277343749999983 0.55126953125 0.15576171875 0.4178059895833333 0.15576171875
0 0.5056966145833333 0.07926432291666664 0.6033528645833333 0.07926432291666664 0.6033528645833333 0.18831380208333334 0.5056966145833333 0.18831380208333334
0 0.58544921875 0.12158203124999999 0.6863606770833333 0.12158203124999999 0.6863606770833333 0.23063151041666666 0.58544921875 0.23063151041666666
0 0.66357421875 0.15738932291666666 0.7742513020833333 0.15738932291666666 0.7742513020833333 0.26481119791666663 0.66357421875 0.26481119791666663
0 0.7530924479166667 0.18180338541666666 0.8653971354166667 0.18180338541666666 0.8653971354166667 0.28434244791666663 0.7530924479166667 0.28434244791666663
0 0.85400390625 0.20133463541666666 0.9549153645833333 0.20133463541666666 0.9549153645833333 0.31201171875 0.85400390625 0.31201171875
0 0.90283203125 0.030436197916666647 0.998046875 0.030436197916666647 0.998046875 0.15631344897598878 0.90283203125 0.15631344897598878
0 0.79052734375 0.009277343749999983 0.90771484375 0.009277343749999983 0.90771484375 0.15250651041666666 0.79052734375 0.15250651041666666
0 0.7010091145833333 0.004394531249999982 0.8084309895833333 0.004394531249999982 0.8084309895833333 0.13297526041666666 0.7010091145833333 0.13297526041666666
0 0.62451171875 0.004394531249999982 0.7286783854166667 0.004394531249999982 0.7286783854166667 0.07600911458333331 0.62451171875 0.07600911458333331
0 0.0011393229166666574 0.028808593749999983 0.14925130208333331 0.028808593749999983 0.14925130208333331 0.19645182291666666 0.0011393229166666574 0.19645182291666666
0 0.18831380208333331 0.16064453125 0.3103841145833333 0.16064453125 0.3103841145833333 0.3103841145833333 0.18831380208333331 0.3103841145833333
0 0.12972005208333331 0.23063151041666666 0.2664388020833333 0.23063151041666666 0.2664388020833333 0.36083984375 0.12972005208333331 0.36083984375
0 0.07763671875 0.2957356770833333 0.20458984375 0.2957356770833333 0.20458984375 0.43570963541666663 0.07763671875 0.43570963541666663
0 0.004394531249999986 0.36572265625 0.13948567708333331 0.36572265625 0.13948567708333331 0.53173828125 0.004394531249999986 0.53173828125
0 0.3152669270833333 0.21598307291666666 0.48779296875000006 0.21598307291666666 0.48779296875000006 0.40641276041666663 0.3152669270833333 0.40641276041666663
0 0.2599283854166667 0.31363932291666663 0.4064127604166667 0.31363932291666663 0.4064127604166667 0.46988932291666663 0.2599283854166667 0.46988932291666663
0 0.16227213541666666 0.4031575520833333 0.35107421875 0.4031575520833333 0.35107421875 0.6033528645833334 0.16227213541666666 0.6033528645833334
0 0.10530598958333331 0.6082356770833334 0.2892252604166667 0.6082356770833334 0.2892252604166667 0.7400716145833334 0.10530598958333331 0.7400716145833334
0 0.24365234375 0.7205403645833334 0.3575846354166667 0.7205403645833334 0.3575846354166667 0.8377278645833334 0.24365234375 0.8377278645833334
0 0.29248046875 0.7742513020833334 0.42919921875000006 0.7742513020833334 0.42919921875000006 0.9142252604166666 0.29248046875 0.9142252604166666
0 0.3836263020833333 0.8377278645833334 0.5040690104166667 0.8377278645833334 0.5040690104166667 0.94677734375 0.3836263020833333 0.94677734375
0 0.4161783854166667 0.8914388020833334 0.5691731770833333 0.8914388020833334 0.5691731770833333 0.9972330729166666 0.4161783854166667 0.9972330729166666
0 0.8133138020833333 0.8800455729166666 0.9517686631944443 0.8800455729166666 0.9517686631944443 0.998046875 0.8133138020833333 0.998046875
0 0.92236328125 0.8035481770833334 0.998046875 0.8035481770833334 0.998046875 0.9214160689890709 0.92236328125 0.9214160689890709
0 0.8719075520833333 0.61474609375 0.998046875 0.61474609375 0.998046875 0.7663967404026216 0.8719075520833333 0.7663967404026216
0 0.7677408854166667 0.6017252604166666 0.85888671875 0.6017252604166666 0.85888671875 0.7156575520833334 0.7677408854166667 0.7156575520833334
0 0.60986328125 0.68798828125 0.7693684895833333 0.68798828125 0.7693684895833333 0.8507486979166666 0.60986328125 0.8507486979166666
0 0.6847330729166667 0.6326497395833334 0.7433268229166667 0.6326497395833334 0.7433268229166667 0.6896158854166666 0.6847330729166667 0.6896158854166666
0 0.53662109375 0.6652018229166666 0.6407877604166667 0.6652018229166666 0.6407877604166667 0.7596028645833334 0.53662109375 0.7596028645833334
0 0.3787434895833333 0.5349934895833334 0.5154622395833333 0.5349934895833334 0.5154622395833333 0.6717122395833334 0.3787434895833333 0.6717122395833334
0 0.4959309895833333 0.43570963541666663 0.6228841145833333 0.43570963541666663 0.6228841145833333 0.56103515625 0.4959309895833333 0.56103515625
0 0.5626627604166667 0.34619140625 0.68310546875 0.34619140625 0.68310546875 0.5056966145833334 0.5626627604166667 0.5056966145833334
0 0.6603190104166667 0.37223307291666663 0.7596028645833333 0.37223307291666663 0.7596028645833333 0.49430338541666663 0.6603190104166667 0.49430338541666663
0 0.7433268229166667 0.4080403645833333 0.8426106770833333 0.4080403645833333 0.8426106770833333 0.5154622395833334 0.7433268229166667 0.5154622395833334
0 0.8312174479166667 0.4178059895833333 0.9402669270833333 0.4178059895833333 0.9402669270833333 0.53662109375 0.8312174479166667 0.53662109375
0 0.92724609375 0.4519856770833333 0.998046875 0.4519856770833333 0.998046875 0.5567118326822916 0.92724609375 0.5567118326822916
