0 0.7670374293785311 0.007856638418079102 0.8597281073446328 0.007856638418079102 0.8597281073446328 0.0972369350282486 0.7670374293785311 0.0972369350282486
0 0.6875882768361582 0.0067531779661016995 0.7626235875706215 0.0067531779661016995 0.7626235875706215 0.08399540960451977 0.6875882768361582 0.08399540960451977
0 0.6103460451977402 0.0034427966101694967 0.6820709745762712 0.0034427966101694967 0.6820709745762712 0.1049611581920904 0.6103460451977402 0.1049611581920904
0 0.5154484463276836 0.0045462570621468985 0.6092425847457628 0.0045462570621468985 0.6092425847457628 0.15240995762711865 0.5154484463276836 0.15240995762711865
0 0.43489583333333337 0.01558086158192091 0.5132415254237288 0.01558086158192091 0.5132415254237288 0.14247881355932204 0.43489583333333337 0.14247881355932204
0 0.3554466807909604 0.031029307909604526 0.43158545197740117 0.031029307909604526 0.43158545197740117 0.1799964689265537 0.3554466807909604 0.1799964689265537
0 0.1899276129943503 0.08178848870056497 0.2815148305084746 0.08178848870056497 0.2815148305084746 0.22303142655367234 0.1899276129943503 0.22303142655367234
0 0.277100988700565 0.05420197740112995 0.354343220338983 0.05420197740112995 0.354343220338983 0.1866172316384181 0.277100988700565 0.1866172316384181
0 0.1049611581920904 0.09171963276836159 0.1866172316384181 0.09171963276836159 0.1866172316384181 0.23737641242937854 0.1049611581920904 0.23737641242937854
0 0.016684322033898302 0.1060646186440678 0.0961334745762712 0.1060646186440678 0.0961334745762712 0.23737641242937854 0.016684322033898302 0.23737641242937854
0 0.004546257062146897 0.3234463276836158 0.047581214689265516 0.3234463276836158 0.047581214689265516 0.4415165960451977 0.004546257062146897 0.4415165960451977
0 0.05199505649717512 0.3046875 0.1215130649717514 0.3046875 0.1215130649717514 0.4293785310734463 0.05199505649717512 0.4293785310734463
0 0.1237199858757062 0.2870321327683616 0.1987552966101695 0.2870321327683616 0.1987552966101695 0.4006885593220339 0.1237199858757062 0.4006885593220339
0 0.1976518361581921 0.255031779661017 0.282618290960452 0.255031779661017 0.282618290960452 0.3863435734463277 0.1976518361581921 0.3863435734463277
0 0.2892390536723164 0.2528248587570622 0.36979166666666663 0.2528248587570622 0.36979166666666663 0.3731020480225989 0.2892390536723164 0.3731020480225989
0 0.37972281073446323 0.24179025423728814 0.4525512005649718 0.24179025423728814 0.4525512005649718 0.3609639830508475 0.37972281073446323 0.3609639830508475
0 0.4514477401129944 0.2064795197740113 0.5364141949152542 0.2064795197740113 0.5364141949152542 0.3311705508474576 0.4514477401129944 0.3311705508474576
0 0.5320003531073446 0.16234110169491525 0.6191737288135594 0.16234110169491525 0.6191737288135594 0.3113082627118644 0.5320003531073446 0.3113082627118644
0 0.6224841101694916 0.1888241525423729 0.6920021186440678 0.1888241525423729 0.6920021186440678 0.282618290960452 0.6224841101694916 0.282618290960452
0 0.6920021186440678 0.15792725988700565 0.7780720338983051 0.15792725988700565 0.7780720338983051 0.2903425141242938 0.6920021186440678 0.2903425141242938
0 0.78027895480226 0.13585805084745764 0.9038665254237288 0.13585805084745764 0.9038665254237288 0.2759975282485876 0.78027895480226 0.2759975282485876
0 0.7350370762711864 0.3719985875706215 0.8288312146892656 0.3719985875706215 0.8288312146892656 0.4988965395480226 0.7350370762711864 0.4988965395480226
0 0.662208686440678 0.3907574152542373 0.7295197740112995 0.3907574152542373 0.7295197740112995 0.5198622881355932 0.662208686440678 0.5198622881355932
0 0.5706214689265536 0.4161370056497175 0.6600017655367232 0.4161370056497175 0.6600017655367232 0.5375176553672316 0.5706214689265536 0.5375176553672316
0 0.4867584745762712 0.4359992937853107 0.5706214689265536 0.4359992937853107 0.5706214689265536 0.5904837570621468 0.4867584745762712 0.5904837570621468
0 0.40510240112994345 0.4525512005649718 0.4856550141242938 0.4525512005649718 0.4856550141242938 0.5960010593220338 0.40510240112994345 0.5960010593220338
0 0.3234463276836158 0.4657927259887006 0.40951624293785316 0.4657927259887006 0.40951624293785316 0.6169668079096045 0.3234463276836158 0.6169668079096045
0 0.2583421610169492 0.4988965395480226 0.3190324858757062 0.4988965395480226 0.3190324858757062 0.6467602401129943 0.2583421610169492 0.6467602401129943
0 0.16785840395480228 0.511034604519774 0.2539283192090396 0.511034604519774 0.2539283192090396 0.6721398305084745 0.16785840395480228 0.6721398305084745
0 0.08840925141242939 0.5297934322033898 0.17006532485875708 0.5297934322033898 0.17006532485875708 0.6666225282485875 0.08840925141242939 0.6666225282485875
0 0.0012358757062146952 0.5485522598870056 0.08620233050847459 0.5485522598870056 0.08620233050847459 0.6975194209039548 0.0012358757062146952 0.6975194209039548
0 0.6776571327683616 0.5783456920903954 0.7780720338983051 0.5783456920903954 0.7780720338983051 0.711864406779661 0.6776571327683616 0.711864406779661
0 0.5982079802259886 0.588276836158192 0.673243290960452 0.588276836158192 0.673243290960452 0.7251059322033898 0.5982079802259886 0.7251059322033898
0 0.5198622881355932 0.6412429378531073 0.5948975988700564 0.6412429378531073 0.5948975988700564 0.7537959039548022 0.5198622881355932 0.7537959039548022
0 0.4437235169491526 0.6577948446327683 0.5231726694915254 0.6577948446327683 0.5231726694915254 0.7758651129943502 0.4437235169491526 0.7758651129943502
0 0.348825918079096 0.6622086864406779 0.43599929378531077 0.6622086864406779 0.43599929378531077 0.8045550847457626 0.348825918079096 0.8045550847457626
0 0.2682733050847458 0.6886917372881355 0.3466189971751412 0.6886917372881355 0.3466189971751412 0.8222104519774011 0.2682733050847458 0.8222104519774011
0 0.1910310734463277 0.7140713276836158 0.2671698446327684 0.7140713276836158 0.2671698446327684 0.8564177259887005 0.1910310734463277 0.8564177259887005
0 0.0994438559322034 0.7273128531073446 0.1943414548022599 0.7273128531073446 0.1943414548022599 0.8718661723163841 0.0994438559322034 0.8718661723163841
0 0.0111670197740113 0.7515889830508474 0.098340395480226 0.7515889830508474 0.098340395480226 0.8862111581920903 0.0111670197740113 0.8862111581920903
0 0.9369703389830508 0.4260681497175141 0.998046875 0.4260681497175141 0.998046875 0.5384053498915458 0.9369703389830508 0.5384053498915458
0 0.912694209039548 0.544138418079096 0.998046875 0.544138418079096 0.998046875 0.6132848816419938 0.912694209039548 0.6132848816419938
0 0.8817973163841808 0.6202771892655367 0.998046875 0.6202771892655367 0.998046875 0.7013319273829886 0.8817973163841808 0.7013319273829886
0 0.8641419491525424 0.7096574858757062 0.9954537429378532 0.7096574858757062 0.9954537429378532 0.8045550847457626 0.8641419491525424 0.8045550847457626
0 0.7979343220338984 0.7935204802259886 0.8829007768361581 0.7935204802259886 0.8829007768361581 0.9424876412429378 0.7979343220338984 0.9424876412429378
0 0.717381709039548 0.8023481638418078 0.794623940677966 0.8023481638418078 0.794623940677966 0.951315324858757 0.717381709039548 0.951315324858757
0 0.629104872881356 0.8376588983050847 0.7129678672316384 0.8376588983050847 0.7129678672316384 0.978901836158192 0.629104872881356 0.978901836158192
0 0.5617937853107344 0.8597281073446327 0.6268979519774012 0.8597281073446327 0.6268979519774012 0.9744879943502824 0.5617937853107344 0.9744879943502824
0 0.4867584745762712 0.8707627118644067 0.55517302259887 0.8707627118644067 0.55517302259887 0.9921433615819208 0.4867584745762712 0.9921433615819208
0 0.39296433615819204 0.8950388418079096 0.4867584745762712 0.8950388418079096 0.4867584745762712 0.9921433615819208 0.39296433615819204 0.9921433615819208
0 0.3113082627118644 0.9060734463276836 0.39186087570621464 0.9060734463276836 0.39186087570621464 0.9965572033898304 0.3113082627118644 0.9965572033898304
0 0.23296257062146897 0.929246115819209 0.3068944209039548 0.929246115819209 0.3068944209039548 0.995453742937853 0.23296257062146897 0.995453742937853
0 0.15240995762711862 0.9535222457627118 0.23185911016949157 0.9535222457627118 0.23185911016949157 0.9932468220338982 0.15240995762711862 0.9932468220338982
