0 0.0034427966101694962 0.07627118644067797 0.06523658192090398 0.07627118644067797 0.06523658192090398 0.1822033898305085 0.0034427966101694962 0.1822033898305085
0 0.06302966101694918 0.04316737288135594 0.14137535310734461 0.04316737288135594 0.14137535310734461 0.16896186440677965 0.06302966101694918 0.16896186440677965
0 0.1391684322033898 0.008960098870056502 0.24068679378531077 0.008960098870056502 0.24068679378531077 0.1104784604519774 0.1391684322033898 0.1104784604519774
0 0.00013241525423729472 0.2616525423728814 0.05309851694915252 0.2616525423728814 0.05309851694915252 0.3532397598870057 0.00013241525423729472 0.3532397598870057
0 0.06965042372881358 0.24289371468926554 0.1336511299435028 0.24289371468926554 0.1336511299435028 0.3201359463276836 0.06965042372881358 0.3201359463276836
0 0.1943414548022599 0.13806497175141244 0.2980667372881356 0.13806497175141244 0.2980667372881356 0.2572387005649718 0.1943414548022599 0.2572387005649718
0 0.37089512711864403 0.06523658192090397 0.4481373587570622 0.06523658192090397 0.4481373587570622 0.1844103107344633 0.37089512711864403 0.1844103107344633
0 0.461378884180791 0.055305437853107355 0.5540695621468926 0.055305437853107355 0.5540695621468926 0.13806497175141244 0.461378884180791 0.13806497175141244
0 0.5518626412429378 0.008960098870056502 0.6357256355932204 0.008960098870056502 0.6357256355932204 0.1005473163841808 0.5518626412429378 0.1005473163841808
0 0.005649717514124297 0.4757238700564972 0.06965042372881358 0.4757238700564972 0.06965042372881358 0.5816560734463276 0.005649717514124297 0.5816560734463276
0 0.07296080508474578 0.4481373587570622 0.14358227401129942 0.4481373587570622 0.14358227401129942 0.582759533898305 0.07296080508474578 0.582759533898305
0 0.14468573446327682 0.4194473870056497 0.21310028248587576 0.4194473870056497 0.21310028248587576 0.5099311440677966 0.14468573446327682 0.5099311440677966
0 0.2903425141242938 0.3300670903954802 0.39406779661016944 0.3300670903954802 0.39406779661016944 0.4812411723163842 0.2903425141242938 0.4812411723163842
0 0.4536546610169492 0.271583686440678 0.5474487994350282 0.271583686440678 0.5474487994350282 0.3731020480225989 0.4536546610169492 0.3731020480225989
0 0.5507591807909604 0.23627295197740114 0.6478637005649718 0.23627295197740114 0.6478637005649718 0.3234463276836158 0.5507591807909604 0.3234463276836158
0 0.7019332627118644 0.16675494350282485 0.8144862288135593 0.16675494350282485 0.8144862288135593 0.2870321327683616 0.7019332627118644 0.2870321327683616
0 0.6831744350282486 0.2980667372881356 0.7813824152542372 0.2980667372881356 0.7813824152542372 0.4415165960451977 0.6831744350282486 0.4415165960451977
0 0.6246910310734464 0.3951712570621469 0.6666225282485876 0.3951712570621469 0.6666225282485876 0.4757238700564972 0.6246910310734464 0.4757238700564972
0 0.5264830508474576 0.4051024011299435 0.618070268361582 0.4051024011299435 0.618070268361582 0.5286899717514124 0.5264830508474576 0.5286899717514124
0 0.3631709039548022 0.483448093220339 0.4646892655367232 0.483448093220339 0.4646892655367232 0.5960010593220338 0.3631709039548022 0.5960010593220338
0 0.109375 0.5573799435028248 0.23296257062146897 0.5573799435028248 0.23296257062146897 0.6820709745762711 0.109375 0.6820709745762711
0 0.026615466101694907 0.6136564265536723 0.14468573446327682 0.6136564265536723 0.14468573446327682 0.7162782485875706 0.026615466101694907 0.7162782485875706
0 0.9259357344632768 0.4977930790960452 0.9943502824858756 0.4977930790960452 0.9943502824858756 0.5761387711864406 0.9259357344632768 0.5761387711864406
0 0.8674523305084745 0.3719985875706215 0.989936440677966 0.3719985875706215 0.989936440677966 0.4911723163841808 0.8674523305084745 0.4911723163841808
0 0.7813824152542372 0.6235875706214689 0.8840042372881356 0.6235875706214689 0.8840042372881356 0.7240024717514124 0.7813824152542372 0.7240024717514124
0 0.6864848163841808 0.566207627118644 0.7758651129943503 0.566207627118644 0.7758651129943503 0.6699329096045197 0.6864848163841808 0.6699329096045197
0 0.566207627118644 0.6147598870056497 0.684277895480226 0.6147598870056497 0.684277895480226 0.7427612994350282 0.566207627118644 0.7427612994350282
0 0.4867584745762712 0.6743467514124293 0.5684145480225988 0.6743467514124293 0.5684145480225988 0.744968220338983 0.4867584745762712 0.744968220338983
0 0.41724046610169496 0.7019332627118644 0.4878619350282486 0.7019332627118644 0.4878619350282486 0.8144862288135593 0.41724046610169496 0.8144862288135593
0 0.3366878531073446 0.733933615819209 0.41613700564971756 0.733933615819209 0.41613700564971756 0.8497969632768361 0.3366878531073446 0.8497969632768361
0 0.24841101694915257 0.7659339689265536 0.3300670903954802 0.7659339689265536 0.3300670903954802 0.8795903954802259 0.24841101694915257 0.8795903954802259
1 0.0023393361581920957 0.8255208333333333 0.23627295197740117 0.8255208333333333 0.23627295197740117 0.995453742937853 0.0023393361581920957 0.995453742937853
0 0.6699329096045198 0.7317266949152542 0.7604166666666667 0.7317266949152542 0.7604166666666667 0.8420727401129943 0.6699329096045198 0.8420727401129943
0 0.5904837570621468 0.8089689265536723 0.667725988700565 0.8089689265536723 0.667725988700565 0.896142302259887 0.5904837570621468 0.896142302259887
0 0.4426200564971752 0.8586246468926553 0.5816560734463276 0.8586246468926553 0.5816560734463276 0.9976606638418078 0.4426200564971752 0.9976606638418078
0 0.8950388418079096 0.7813824152542372 0.997660663841808 0.7813824152542372 0.997660663841808 0.896142302259887 0.8950388418079096 0.896142302259887
0 0.8211069915254237 0.8641419491525423 0.8972457627118644 0.8641419491525423 0.8972457627118644 0.995453742937853 0.8211069915254237 0.995453742937853
