1 0.0011393229166666574 0.8507486979166666 0.3738606770833333 0.8507486979166666 0.3738606770833333 0.99560546875 0.0011393229166666574 0.99560546875
0 0.90283203125 0.6668294270833334 0.99560546875 0.6668294270833334 0.99560546875 0.77099609375 0.90283203125 0.77099609375
0 0.86376953125 0.6261393229166666 0.9581705729166667 0.6261393229166666 0.9581705729166667 0.72705078125 0.86376953125 0.72705078125
0 0.80029296875 0.5594075520833334 0.9435221354166667 0.5594075520833334 0.9435221354166667 0.66357421875 0.80029296875 0.66357421875
0 0.74658203125 0.46500651041666663 0.8653971354166667 0.46500651041666663 0.8653971354166667 0.57568359375 0.74658203125 0.57568359375
0 0.6424153645833333 0.3738606770833333 0.7189127604166667 0.3738606770833333 0.7189127604166667 0.50732421875 0.6424153645833333 0.50732421875
0 0.57568359375 0.28759765625 0.68798828125 0.28759765625 0.68798828125 0.38688151041666663 0.57568359375 0.38688151041666663
0 0.50732421875 0.19319661458333334 0.68798828125 0.19319661458333334 0.68798828125 0.3152669270833333 0.50732421875 0.3152669270833333
0 0.4845377604166667 0.13460286458333334 0.5968424479166667 0.13460286458333334 0.5968424479166667 0.23063151041666666 0.4845377604166667 0.23063151041666666
0 0.4715169270833333 0.004394531249999982 0.5642903645833333 0.004394531249999982 0.5642903645833333 0.08902994791666664 0.4715169270833333 0.08902994791666664
0 0.5691731770833333 0.002766927083333315 0.6359049479166667 0.002766927083333315 0.6359049479166667 0.07600911458333331 0.5691731770833333 0.07600911458333331
0 0.6424153645833333 0.002766927083333315 0.7237955729166667 0.002766927083333315 0.7237955729166667 0.07438151041666664 0.6424153645833333 0.07438151041666664
0 0.7010091145833333 0.19645182291666666 0.7791341145833333 0.19645182291666666 0.7791341145833333 0.3006184895833333 0.7010091145833333 0.3006184895833333
0 0.76611328125 0.14925130208333334 0.86376953125 0.14925130208333334 0.86376953125 0.26481119791666663 0.76611328125 0.26481119791666663
0 0.9158528645833333 0.4959309895833333 0.98583984375 0.4959309895833333 0.98583984375 0.5642903645833334 0.9158528645833333 0.5642903645833334
0 0.8719075520833333 0.4324544270833333 0.9728190104166667 0.4324544270833333 0.9728190104166667 0.51220703125 0.8719075520833333 0.51220703125
0 0.76611328125 0.33805338541666663 0.8474934895833333 0.33805338541666663 0.8474934895833333 0.40478515625 0.76611328125 0.40478515625
0 0.81982421875 0.28434244791666663 0.9142252604166667 0.28434244791666663 0.9142252604166667 0.36735026041666663 0.81982421875 0.36735026041666663
0 0.8995768229166667 0.22900390625 0.97607421875 0.22900390625 0.97607421875 0.31689453125 0.8995768229166667 0.31689453125
0 0.95654296875 0.20784505208333334 0.998046875 0.20784505208333334 0.998046875 0.2880859375 0.95654296875 0.2880859375
0 0.8507486979166667 0.11018880208333331 0.9337565104166667 0.11018880208333331 0.9337565104166667 0.21761067708333334 0.8507486979166667 0.21761067708333334
0 0.9158528645833333 0.09391276041666664 0.9923502604166667 0.09391276041666664 0.9923502604166667 0.18343098958333334 0.9158528645833333 0.18343098958333334
0 0.66357421875 0.06624348958333331 0.7530924479166667 0.06624348958333331 0.7530924479166667 0.15576171875 0.66357421875 0.15576171875
0 0.7970377604166667 0.023925781249999983 0.87841796875 0.023925781249999983 0.87841796875 0.11344401041666664 0.7970377604166667 0.11344401041666664
0 0.8849283854166667 0.0011393229166666479 0.9874674479166667 0.0011393229166666479 0.9874674479166667 0.07275390624999999 0.8849283854166667 0.07275390624999999
