0 0.7195886299435028 0.07406426553672317 0.8144862288135593 0.07406426553672317 0.8144862288135593 0.2539283192090396 0.7195886299435028 0.2539283192090396
0 0.618070268361582 0.12482344632768363 0.706347104519774 0.12482344632768363 0.706347104519774 0.24179025423728814 0.618070268361582 0.24179025423728814
0 0.5297934322033898 0.08951271186440679 0.6059322033898306 0.08951271186440679 0.6059322033898306 0.22854872881355934 0.5297934322033898 0.22854872881355934
0 0.4437235169491526 0.05420197740112995 0.5242761299435028 0.05420197740112995 0.5242761299435028 0.2175141242937853 0.4437235169491526 0.2175141242937853
0 0.3554466807909604 0.050891596045197746 0.43048199152542377 0.050891596045197746 0.43048199152542377 0.2108933615819209 0.3554466807909604 0.2108933615819209
0 0.2726871468926554 0.03654661016949153 0.3510328389830508 0.03654661016949153 0.3510328389830508 0.17447916666666669 0.2726871468926554 0.17447916666666669
0 0.1844103107344633 0.021098163841807915 0.2616525423728814 0.021098163841807915 0.2616525423728814 0.15903072033898305 0.1844103107344633 0.15903072033898305
0 0.08178848870056499 0.0067531779661016995 0.1799964689265537 0.0067531779661016995 0.1799964689265537 0.14027189265536724 0.08178848870056499 0.14027189265536724
0 0.00013241525423729472 0.007856638418079102 0.08178848870056499 0.007856638418079102 0.08178848870056499 0.13144420903954804 0.00013241525423729472 0.13144420903954804
0 0.6600017655367232 0.3444120762711864 0.7593132062146892 0.3444120762711864 0.7593132062146892 0.4966896186440678 0.6600017655367232 0.4966896186440678
0 0.9248322740112995 0.01889124293785311 0.9932468220338984 0.01889124293785311 0.9932468220338984 0.0972369350282486 0.9248322740112995 0.0972369350282486
0 0.9193149717514124 0.103857697740113 0.9932468220338984 0.103857697740113 0.9932468220338984 0.1888241525423729 0.9193149717514124 0.1888241525423729
0 0.901659604519774 0.1965483757062147 0.9932468220338984 0.1965483757062147 0.9932468220338984 0.282618290960452 0.901659604519774 0.282618290960452
0 0.890625 0.288135593220339 0.9888329802259888 0.288135593220339 0.9888329802259888 0.3686882062146893 0.890625 0.3686882062146893
0 0.868555790960452 0.3731020480225989 0.989936440677966 0.3731020480225989 0.989936440677966 0.4657927259887006 0.868555790960452 0.4657927259887006
0 0.8509004237288136 0.4679996468926554 0.9777983757062148 0.4679996468926554 0.9777983757062148 0.5518626412429378 0.8509004237288136 0.5518626412429378
0 0.8365554378531073 0.5529661016949152 0.9590395480225988 0.5529661016949152 0.9590395480225988 0.6500706214689265 0.8365554378531073 0.6500706214689265
0 0.8321415960451977 0.6566913841807909 0.9535222457627119 0.6566913841807909 0.9535222457627119 0.7681408898305084 0.8321415960451977 0.7681408898305084
0 0.8707627118644068 0.7714512711864406 0.986626059322034 0.7714512711864406 0.986626059322034 0.8696592514124293 0.8707627118644068 0.8696592514124293
0 0.9303495762711864 0.8762800141242937 0.9932468220338984 0.8762800141242937 0.9932468220338984 0.9711776129943502 0.9303495762711864 0.9711776129943502
0 0.577242231638418 0.3488259180790961 0.6522775423728814 0.3488259180790961 0.6522775423728814 0.4536546610169492 0.577242231638418 0.4536546610169492
0 0.4900688559322034 0.3344809322033898 0.560690324858757 0.3344809322033898 0.560690324858757 0.4293785310734463 0.4900688559322034 0.4293785310734463
0 0.38524011299435024 0.2980667372881356 0.4757238700564972 0.2980667372881356 0.4757238700564972 0.4481373587570622 0.38524011299435024 0.4481373587570622
0 0.3035840395480226 0.2925494350282486 0.36979166666666663 0.2925494350282486 0.36979166666666663 0.4227577683615819 0.3035840395480226 0.4227577683615819
0 0.21751412429378536 0.2815148305084746 0.299170197740113 0.2815148305084746 0.299170197740113 0.4271716101694915 0.21751412429378536 0.4271716101694915
0 0.1303407485875706 0.2682733050847458 0.21641066384180796 0.2682733050847458 0.21641066384180796 0.4039989406779661 0.1303407485875706 0.4039989406779661
0 0.03875353107344631 0.2539283192090396 0.1226165254237288 0.2539283192090396 0.1226165254237288 0.4051024011299435 0.03875353107344631 0.4051024011299435
0 0.0012358757062146952 0.23296257062146894 0.03323622881355931 0.23296257062146894 0.03323622881355931 0.3719985875706215 0.0012358757062146952 0.3719985875706215
0 0.6257944915254238 0.5077242231638418 0.7372439971751412 0.5077242231638418 0.7372439971751412 0.6511740819209039 0.6257944915254238 0.6511740819209039
0 0.5529661016949152 0.4955861581920904 0.623587570621469 0.4955861581920904 0.623587570621469 0.6412429378531073 0.5529661016949152 0.6412429378531073
0 0.4624823446327684 0.4867584745762712 0.5463453389830508 0.4867584745762712 0.5463453389830508 0.6070356638418078 0.4624823446327684 0.6070356638418078
0 0.37310204802259883 0.4757238700564972 0.4525512005649718 0.4757238700564972 0.4525512005649718 0.6147598870056497 0.37310204802259883 0.6147598870056497
0 0.2649629237288136 0.4448269774011299 0.36758474576271183 0.4448269774011299 0.36758474576271183 0.5971045197740112 0.2649629237288136 0.5971045197740112
0 0.16675494350282488 0.4404131355932203 0.2627560028248588 0.4404131355932203 0.2627560028248588 0.577242231638418 0.16675494350282488 0.577242231638418
0 0.03433968926553671 0.4525512005649718 0.16123764124293788 0.4525512005649718 0.16123764124293788 0.5783456920903954 0.03433968926553671 0.5783456920903954
0 0.3587570621468926 0.7074505649717514 0.4492408192090396 0.7074505649717514 0.4492408192090396 0.8310381355932203 0.3587570621468926 0.8310381355932203
0 0.5706214689265536 0.7548993644067796 0.6655190677966102 0.7548993644067796 0.6655190677966102 0.8806938559322033 0.5706214689265536 0.8806938559322033
0 0.4624823446327684 0.7295197740112994 0.5640007062146892 0.7295197740112994 0.5640007062146892 0.8862111581920903 0.4624823446327684 0.8862111581920903
0 0.6666225282485876 0.8707627118644067 0.78027895480226 0.8707627118644067 0.78027895480226 0.967867231638418 0.6666225282485876 0.967867231638418
0 0.4977930790960452 0.9469014830508474 0.5777077540165961 0.9469014830508474 0.5777077540165961 0.998046875 0.4977930790960452 0.998046875
0 0.40951624293785316 0.9038665254237288 0.4856550141242938 0.9038665254237288 0.4856550141242938 0.9965572033898304 0.40951624293785316 0.9965572033898304
0 0.3013771186440678 0.8277277542372881 0.40399894067796605 0.8277277542372881 0.40399894067796605 0.973384533898305 0.3013771186440678 0.973384533898305
0 0.120409604519774 0.6787605932203389 0.24510063559322037 0.6787605932203389 0.24510063559322037 0.8155896892655367 0.120409604519774 0.8155896892655367
0 0.0034427966101694962 0.8409692796610169 0.05861581920903958 0.8409692796610169 0.05861581920903958 0.912694209039548 0.0034427966101694962 0.912694209039548
0 0.06523658192090398 0.8972457627118644 0.14137535310734461 0.8972457627118644 0.14137535310734461 0.9943502824858756 0.06523658192090398 0.9943502824858756
0 0.005649717514124297 0.9193149717514124 0.05751235875706212 0.9193149717514124 0.05751235875706212 0.9965572033898304 0.005649717514124297 0.9965572033898304
