0 0.4492408192090396 0.01889124293785311 0.5297934322033898 0.01889124293785311 0.5297934322033898 0.15240995762711865 0.4492408192090396 0.15240995762711865
0 0.3642743644067796 0.01558086158192091 0.4437235169491526 0.01558086158192091 0.4437235169491526 0.15240995762711865 0.3642743644067796 0.15240995762711865
0 0.2980667372881356 0.07075388418079097 0.3631709039548022 0.07075388418079097 0.3631709039548022 0.16565148305084745 0.2980667372881356 0.16565148305084745
0 0.2097899011299435 0.061926200564971765 0.293652895480226 0.061926200564971765 0.293652895480226 0.16896186440677965 0.2097899011299435 0.16896186440677965
0 0.14247881355932202 0.09282309322033899 0.21199682203389836 0.09282309322033899 0.21199682203389836 0.1777895480225989 0.14247881355932202 0.1777895480225989
0 0.0100635593220339 0.11158192090395481 0.1182026836158192 0.11158192090395481 0.1182026836158192 0.1943414548022599 0.0100635593220339 0.1943414548022599
0 0.07075388418079098 0.040960451977401134 0.1292372881355932 0.040960451977401134 0.1292372881355932 0.1082715395480226 0.07075388418079098 0.1082715395480226
0 0.005649717514124297 0.031029307909604526 0.06523658192090398 0.031029307909604526 0.06523658192090398 0.1104784604519774 0.005649717514124297 0.1104784604519774
0 0.017787782485875703 0.0034427966101694967 0.136961511299435 0.0034427966101694967 0.136961511299435 0.03323622881355933 0.017787782485875703 0.03323622881355933
0 0.7857962570621468 0.24068679378531074 0.8972457627118644 0.24068679378531074 0.8972457627118644 0.3289636299435028 0.7857962570621468 0.3289636299435028
1 0.912694209039548 0.031029307909604526 0.997660663841808 0.031029307909604526 0.997660663841808 0.1965483757062147 0.912694209039548 0.1965483757062147
0 0.8045550847457628 0.3388947740112994 0.912694209039548 0.3388947740112994 0.912694209039548 0.4039989406779661 0.8045550847457628 0.4039989406779661
0 0.7140713276836159 0.4139300847457627 0.9513153248587571 0.4139300847457627 0.9513153248587571 0.5320003531073446 0.7140713276836159 0.5320003531073446
0 0.4757238700564972 0.288135593220339 0.5640007062146892 0.288135593220339 0.5640007062146892 0.4039989406779661 0.4757238700564972 0.4039989406779661
0 0.37861935028248583 0.255031779661017 0.4635858050847458 0.255031779661017 0.4635858050847458 0.3477224576271187 0.37861935028248583 0.3477224576271187
0 0.3002736581920904 0.271583686440678 0.37420550847457623 0.271583686440678 0.37420550847457623 0.3940677966101695 0.3002736581920904 0.3940677966101695
0 0.22634180790960456 0.2671698446327684 0.3002736581920904 0.2671698446327684 0.3002736581920904 0.3852401129943503 0.22634180790960456 0.3852401129943503
0 0.1292372881355932 0.2759975282485876 0.21972104519774016 0.2759975282485876 0.21972104519774016 0.3675847457627119 0.1292372881355932 0.3675847457627119
0 0.004546257062146897 0.2682733050847458 0.120409604519774 0.2682733050847458 0.120409604519774 0.3631709039548023 0.004546257062146897 0.3631709039548023
0 0.005649717514124297 0.3620674435028249 0.120409604519774 0.3620674435028249 0.120409604519774 0.4404131355932203 0.005649717514124297 0.4404131355932203
0 0.3510328389830508 0.4249646892655367 0.4426200564971752 0.4249646892655367 0.4426200564971752 0.5518626412429378 0.3510328389830508 0.5518626412429378
0 0.4459304378531074 0.4304819915254237 0.5143449858757062 0.4304819915254237 0.5143449858757062 0.5562764830508474 0.4459304378531074 0.5562764830508474
0 0.5198622881355932 0.4426200564971751 0.6213806497175142 0.4426200564971751 0.6213806497175142 0.560690324858757 0.5198622881355932 0.560690324858757
1 0.1336511299435028 0.5364141949152542 0.24730755649717517 0.5364141949152542 0.24730755649717517 0.6346221751412429 0.1336511299435028 0.6346221751412429
0 0.1866172316384181 0.4260681497175141 0.2903425141242938 0.4260681497175141 0.2903425141242938 0.5242761299435028 0.1866172316384181 0.5242761299435028
0 0.1822033898305085 0.6390360169491525 0.3013771186440678 0.6390360169491525 0.3013771186440678 0.700829802259887 0.1822033898305085 0.700829802259887
0 0.14358227401129942 0.711864406779661 0.310204802259887 0.711864406779661 0.310204802259887 0.783589336158192 0.14358227401129942 0.783589336158192
1 0.0012358757062146952 0.7857962570621468 0.293652895480226 0.7857962570621468 0.293652895480226 0.9711776129943502 0.0012358757062146952 0.9711776129943502
0 0.0100635593220339 0.4514477401129944 0.1049611581920904 0.4514477401129944 0.1049611581920904 0.5209657485875706 0.0100635593220339 0.5209657485875706
0 0.00013241525423729472 0.5154484463276836 0.1137888418079096 0.5154484463276836 0.1137888418079096 0.6235875706214689 0.00013241525423729472 0.6235875706214689
0 0.0034427966101694962 0.6291048728813559 0.1193061440677966 0.6291048728813559 0.1193061440677966 0.6997263418079096 0.0034427966101694962 0.6997263418079096
0 0.0034427966101694962 0.706347104519774 0.1137888418079096 0.706347104519774 0.1137888418079096 0.7813824152542372 0.0034427966101694962 0.7813824152542372
0 0.37972281073446323 0.6467602401129943 0.4514477401129944 0.6467602401129943 0.4514477401129944 0.7537959039548022 0.37972281073446323 0.7537959039548022
0 0.4580685028248588 0.6434498587570621 0.527586511299435 0.6434498587570621 0.527586511299435 0.7648305084745762 0.4580685028248588 0.7648305084745762
0 0.6147598870056498 0.6588983050847457 0.6986228813559322 0.6588983050847457 0.6986228813559322 0.7758651129943502 0.6147598870056498 0.7758651129943502
0 0.8641419491525424 0.6544844632768361 0.9491084039548023 0.6544844632768361 0.9491084039548023 0.7681408898305084 0.8641419491525424 0.7681408898305084
0 0.7703478107344632 0.6456567796610169 0.8520038841807909 0.6456567796610169 0.8520038841807909 0.7416578389830508 0.7703478107344632 0.7416578389830508
0 0.7107609463276836 0.6776571327683615 0.7670374293785311 0.6776571327683615 0.7670374293785311 0.8100723870056497 0.7107609463276836 0.8100723870056497
0 0.38634357344632764 0.8520038841807909 0.4536546610169492 0.8520038841807909 0.4536546610169492 0.94579802259887 0.38634357344632764 0.94579802259887
0 0.4602754237288136 0.8409692796610169 0.5375176553672316 0.8409692796610169 0.5375176553672316 0.956832627118644 0.4602754237288136 0.956832627118644
0 0.5430349576271186 0.8597281073446327 0.6136564265536724 0.8597281073446327 0.6136564265536724 0.967867231638418 0.5430349576271186 0.967867231638418
0 0.6169668079096046 0.8475900423728813 0.684277895480226 0.8475900423728813 0.684277895480226 0.9689706920903954 0.6169668079096046 0.9689706920903954
0 0.7030367231638418 0.8376588983050847 0.772554731638418 0.8376588983050847 0.772554731638418 0.9722810734463276 0.7030367231638418 0.9722810734463276
0 0.7791754943502824 0.8122793079096045 0.8564177259887005 0.8122793079096045 0.8564177259887005 0.9877295197740112 0.7791754943502824 0.9877295197740112
0 0.8619350282485876 0.8233139124293785 0.9888329802259888 0.8233139124293785 0.9888329802259888 0.9480049435028248 0.8619350282485876 0.9480049435028248
