1 0.8279622395833333 0.12646484375 0.998046875 0.12646484375 0.998046875 0.3138729142554013 0.8279622395833333 0.3138729142554013
1 0.9060872395833333 0.007649739583333316 0.998046875 0.007649739583333316 0.998046875 0.11546448455459768 0.9060872395833333 0.11546448455459768
0 0.71728515625 0.028808593749999983 0.8133138020833333 0.028808593749999983 0.8133138020833333 0.13623046875 0.71728515625 0.13623046875
0 0.7205403645833333 0.19645182291666666 0.8035481770833333 0.19645182291666666 0.8035481770833333 0.2615559895833333 0.7205403645833333 0.2615559895833333
0 0.70751953125 0.2615559895833333 0.7937825520833333 0.2615559895833333 0.7937825520833333 0.3787434895833333 0.70751953125 0.3787434895833333
0 0.60498046875 0.27457682291666663 0.7042643229166667 0.27457682291666663 0.7042643229166667 0.36735026041666663 0.60498046875 0.36735026041666663
0 0.5056966145833333 0.22412109375 0.6131184895833333 0.22412109375 0.6131184895833333 0.35270182291666663 0.5056966145833333 0.35270182291666663
0 0.39990234375 0.21761067708333334 0.50732421875 0.21761067708333334 0.50732421875 0.33642578125 0.39990234375 0.33642578125
0 0.26806640625 0.24527994791666666 0.3868815104166667 0.24527994791666666 0.3868815104166667 0.32340494791666663 0.26806640625 0.32340494791666663
0 0.2908528645833333 0.3933919270833333 0.3787434895833333 0.3933919270833333 0.3787434895833333 0.5301106770833334 0.2908528645833333 0.5301106770833334
0 0.3738606770833333 0.3836263020833333 0.44873046875000006 0.3836263020833333 0.44873046875000006 0.5333658854166666 0.3738606770833333 0.5333658854166666
0 0.4503580729166667 0.41617838541666663 0.5040690104166667 0.41617838541666663 0.5040690104166667 0.5349934895833334 0.4503580729166667 0.5349934895833334
0 0.50732421875 0.40966796875 0.56591796875 0.40966796875 0.56591796875 0.52685546875 0.50732421875 0.52685546875
0 0.5870768229166667 0.41455078125 0.64404296875 0.41455078125 0.64404296875 0.5349934895833334 0.5870768229166667 0.5349934895833334
0 0.6456705729166667 0.4226888020833333 0.7042643229166667 0.4226888020833333 0.7042643229166667 0.54638671875 0.6456705729166667 0.54638671875
0 0.71728515625 0.42919921875 0.7742513020833333 0.42919921875 0.7742513020833333 0.5089518229166666 0.71728515625 0.5089518229166666
0 0.6961263020833333 0.57080078125 0.76123046875 0.57080078125 0.76123046875 0.7449544270833334 0.6961263020833333 0.7449544270833334
0 0.6228841145833333 0.5594075520833334 0.6944986979166667 0.5594075520833334 0.6944986979166667 0.7091471354166666 0.6228841145833333 0.7091471354166666
0 0.5594075520833333 0.55615234375 0.61962890625 0.55615234375 0.61962890625 0.7205403645833334 0.5594075520833333 0.7205403645833334
0 0.4910481770833333 0.5528971354166666 0.5577799479166667 0.5528971354166666 0.5577799479166667 0.6912434895833334 0.4910481770833333 0.6912434895833334
0 0.4422200520833333 0.5447591145833334 0.48779296875000006 0.5447591145833334 0.48779296875000006 0.68310546875 0.4422200520833333 0.68310546875
0 0.37060546875 0.5349934895833334 0.4405924479166667 0.5349934895833334 0.4405924479166667 0.6619466145833334 0.37060546875 0.6619466145833334
0 0.3087565104166667 0.53173828125 0.3689778645833333 0.53173828125 0.3689778645833333 0.6619466145833334 0.3087565104166667 0.6619466145833334
0 0.15250651041666666 0.51708984375 0.21435546875 0.51708984375 0.21435546875 0.6082356770833334 0.15250651041666666 0.6082356770833334
0 0.046712239583333315 0.51708984375 0.11832682291666666 0.51708984375 0.11832682291666666 0.6163736979166666 0.046712239583333315 0.6163736979166666
0 0.004394531249999986 0.49430338541666663 0.038574218749999986 0.49430338541666663 0.038574218749999986 0.61474609375 0.004394531249999986 0.61474609375
0 0.07763671875 0.36735026041666663 0.21272786458333331 0.36735026041666663 0.21272786458333331 0.46826171875 0.07763671875 0.46826171875
0 0.027180989583333315 0.32666015625 0.16715494791666669 0.32666015625 0.16715494791666669 0.3836263020833333 0.027180989583333315 0.3836263020833333
0 0.07763671875 0.2517903645833333 0.18668619791666669 0.2517903645833333 0.18668619791666669 0.31689453125 0.07763671875 0.31689453125
0 0.05485026041666666 0.19156901041666666 0.15413411458333331 0.19156901041666666 0.15413411458333331 0.2664388020833333 0.05485026041666666 0.2664388020833333
0 0.017415364583333315 0.015787760416666647 0.07600911458333331 0.015787760416666647 0.07600911458333331 0.06136067708333332 0.017415364583333315 0.06136067708333332
0 0.028808593749999986 0.73193359375 0.14274088541666666 0.73193359375 0.14274088541666666 0.8361002604166666 0.028808593749999986 0.8361002604166666
0 0.17203776041666669 0.8068033854166666 0.3152669270833333 0.8068033854166666 0.3152669270833333 0.9305013020833334 0.17203776041666669 0.9305013020833334
0 0.22086588541666669 0.75634765625 0.3331705729166667 0.75634765625 0.3331705729166667 0.8556315104166666 0.22086588541666669 0.8556315104166666
0 0.3282877604166667 0.7693684895833334 0.4422200520833333 0.7693684895833334 0.4422200520833333 0.88330078125 0.3282877604166667 0.88330078125
0 0.4373372395833333 0.79541015625 0.5447591145833333 0.79541015625 0.5447591145833333 0.8800455729166666 0.4373372395833333 0.8800455729166666
0 0.5447591145833333 0.8133138020833334 0.6212565104166667 0.8133138020833334 0.6212565104166667 0.93212890625 0.5447591145833333 0.93212890625
0 0.6228841145833333 0.8361002604166666 0.7042643229166667 0.8361002604166666 0.7042643229166667 0.9239908854166666 0.6228841145833333 0.9239908854166666
0 0.70751953125 0.8507486979166666 0.7840169270833333 0.8507486979166666 0.7840169270833333 0.9874674479166666 0.70751953125 0.9874674479166666
0 0.7791341145833333 0.8702799479166666 0.8605143229166667 0.8702799479166666 0.8605143229166667 0.9972330729166666 0.7791341145833333 0.9972330729166666
0 0.8621419270833333 0.8963216145833334 0.9207356770833333 0.8963216145833334 0.9207356770833333 0.9744466145833334 0.8621419270833333 0.9744466145833334
0 0.50732421875 0.9549153645833334 0.5696252893518517 0.9549153645833334 0.5696252893518517 0.998046875 0.50732421875 0.998046875
0 0.3868815104166667 0.8865559895833334 0.5008138020833333 0.8865559895833334 0.5008138020833333 0.9972330729166666 0.3868815104166667 0.9972330729166666
0 0.2892252604166667 0.8572591145833334 0.4259440104166667 0.8572591145833334 0.4259440104166667 0.9777018229166666 0.2892252604166667 0.9777018229166666
0 0.0011393229166666574 0.8572591145833334 0.08902994791666666 0.8572591145833334 0.08902994791666666 0.97607421875 0.0011393229166666574 0.97607421875
