0 0.2583421610169492 0.2594456214689266 0.38965395480225984 0.2594456214689266 0.38965395480225984 0.3918608757062147 0.2583421610169492 0.3918608757062147
0 0.16234110169491528 0.2506179378531074 0.22965218926553677 0.2506179378531074 0.22965218926553677 0.3642743644067797 0.16234110169491528 0.3642743644067797
0 0.03875353107344631 0.24510063559322035 0.14578919491525422 0.24510063559322035 0.14578919491525422 0.3951712570621469 0.03875353107344631 0.3951712570621469
0 0.15240995762711862 0.4536546610169492 0.2980667372881356 0.4536546610169492 0.2980667372881356 0.571724929378531 0.15240995762711862 0.571724929378531
0 0.014477401129943501 0.4216543079096045 0.1159957627118644 0.4216543079096045 0.1159957627118644 0.5430349576271186 0.014477401129943501 0.5430349576271186
0 0.3234463276836158 0.8012447033898304 0.4657927259887006 0.8012447033898304 0.4657927259887006 0.9204184322033898 0.3234463276836158 0.9204184322033898
0 0.38082627118644063 0.571724929378531 0.483448093220339 0.571724929378531 0.483448093220339 0.7107609463276836 0.38082627118644063 0.7107609463276836
0 0.4691031073446328 0.23847987288135594 0.618070268361582 0.23847987288135594 0.618070268361582 0.4481373587570622 0.4691031073446328 0.4481373587570622
0 0.6103460451977402 0.22744526836158194 0.7019332627118644 0.22744526836158194 0.7019332627118644 0.3201359463276836 0.6103460451977402 0.3201359463276836
0 0.5750353107344632 0.7460716807909604 0.7184851694915255 0.7460716807909604 0.7184851694915255 0.8277277542372881 0.5750353107344632 0.8277277542372881
0 0.7979343220338984 0.6699329096045197 0.9049699858757063 0.6699329096045197 0.9049699858757063 0.761520127118644 0.7979343220338984 0.761520127118644
0 0.7361405367231639 0.7471751412429378 0.80565854519774 0.7471751412429378 0.80565854519774 0.8420727401129943 0.7361405367231639 0.8420727401129943
0 0.5695180084745762 0.912694209039548 0.6555879237288136 0.912694209039548 0.6555879237288136 0.995453742937853 0.5695180084745762 0.995453742937853
0 0.8067620056497176 0.4426200564971751 0.8608315677966101 0.4426200564971751 0.8608315677966101 0.5408280367231638 0.8067620056497176 0.5408280367231638
0 0.8608315677966101 0.343308615819209 0.9248322740112995 0.343308615819209 0.9248322740112995 0.4084127824858757 0.8608315677966101 0.4084127824858757
0 0.7758651129943503 0.23406603107344634 0.8873146186440677 0.23406603107344634 0.8873146186440677 0.337791313559322 0.7758651129943503 0.337791313559322
0 0.739450918079096 0.16565148305084745 0.8542108050847457 0.16565148305084745 0.8542108050847457 0.22965218926553674 0.739450918079096 0.22965218926553674
1 0.618070268361582 0.005649717514124299 0.78027895480226 0.005649717514124299 0.78027895480226 0.12592690677966104 0.618070268361582 0.12592690677966104
