0 0.004394531249999986 0.004394531249999982 0.18180338541666669 0.004394531249999982 0.18180338541666669 0.11669921874999999 0.004394531249999986 0.11669921874999999
0 0.14111328125 0.020670572916666647 0.2501627604166667 0.020670572916666647 0.2501627604166667 0.15087890625 0.14111328125 0.15087890625
0 0.24202473958333331 0.06949869791666664 0.3575846354166667 0.06949869791666664 0.3575846354166667 0.20947265625 0.24202473958333331 0.20947265625
0 0.16227213541666666 0.24365234375 0.27783203125 0.24365234375 0.27783203125 0.37711588541666663 0.16227213541666666 0.37711588541666663
0 0.11181640625 0.18505859375 0.20947265625 0.18505859375 0.20947265625 0.29899088541666663 0.11181640625 0.29899088541666663
0 0.004394531249999986 0.08740234374999999 0.09554036458333331 0.08740234374999999 0.09554036458333331 0.2517903645833333 0.004394531249999986 0.2517903645833333
0 0.006022135416666657 0.36735026041666663 0.12158203125 0.36735026041666663 0.12158203125 0.5056966145833334 0.006022135416666657 0.5056966145833334
0 0.05485026041666666 0.4226888020833333 0.24365234375 0.4226888020833333 0.24365234375 0.6033528645833334 0.05485026041666666 0.6033528645833334
0 0.022298177083333315 0.6326497395833334 0.12158203125 0.6326497395833334 0.12158203125 0.7335611979166666 0.022298177083333315 0.7335611979166666
0 0.12158203125 0.9109700520833334 0.19807942708333331 0.9109700520833334 0.19807942708333331 0.9923502604166666 0.12158203125 0.9923502604166666
0 0.14436848958333331 0.8279622395833334 0.2501627604166667 0.8279622395833334 0.2501627604166667 0.9305013020833334 0.14436848958333331 0.9305013020833334
0 0.18343098958333331 0.7433268229166666 0.3038736979166667 0.7433268229166666 0.3038736979166667 0.85888671875 0.18343098958333331 0.85888671875
0 0.21761067708333331 0.6749674479166666 0.3478190104166667 0.6749674479166666 0.3478190104166667 0.7970377604166666 0.21761067708333331 0.7970377604166666
0 0.2501627604166667 0.59033203125 0.3836263020833333 0.59033203125 0.3836263020833333 0.7107747395833334 0.2501627604166667 0.7107747395833334
0 0.2941080729166667 0.5154622395833334 0.3836263020833333 0.5154622395833334 0.3836263020833333 0.6131184895833334 0.2941080729166667 0.6131184895833334
0 0.26806640625 0.91259765625 0.4228423496462264 0.91259765625 0.4228423496462264 0.998046875 0.26806640625 0.998046875
0 0.3624674479166667 0.86376953125 0.4747721354166667 0.86376953125 0.4747721354166667 0.9728190104166666 0.3624674479166667 0.9728190104166666
0 0.3836263020833333 0.7742513020833334 0.5089518229166667 0.7742513020833334 0.5089518229166667 0.87841796875 0.3836263020833333 0.87841796875
0 0.40478515625 0.68798828125 0.54150390625 0.68798828125 0.54150390625 0.81982421875 0.40478515625 0.81982421875
0 0.4422200520833333 0.6017252604166666 0.59033203125 0.6017252604166666 0.59033203125 0.7547200520833334 0.4422200520833333 0.7547200520833334
0 0.53662109375 0.4568684895833333 0.6456705729166667 0.4568684895833333 0.6456705729166667 0.5431315104166666 0.53662109375 0.5431315104166666
0 0.5496419270833333 0.3543294270833333 0.6912434895833333 0.3543294270833333 0.6912434895833333 0.47965494791666663 0.5496419270833333 0.47965494791666663
0 0.5740559895833333 0.2762044270833333 0.71240234375 0.2762044270833333 0.71240234375 0.39664713541666663 0.5740559895833333 0.39664713541666663
0 0.58544921875 0.19970703125 0.7433268229166667 0.19970703125 0.7433268229166667 0.32177734375 0.58544921875 0.32177734375
0 0.63916015625 0.13460286458333334 0.7628580729166667 0.13460286458333334 0.7628580729166667 0.23388671875 0.63916015625 0.23388671875
0 0.6798502604166667 0.06136067708333332 0.80029296875 0.06136067708333332 0.80029296875 0.17041015625 0.6798502604166667 0.17041015625
0 0.68798828125 0.002766927083333315 0.8116861979166667 0.002766927083333315 0.8116861979166667 0.06787109374999999 0.68798828125 0.06787109374999999
0 0.4959309895833333 0.022298177083333315 0.64404296875 0.022298177083333315 0.64404296875 0.14762369791666666 0.4959309895833333 0.14762369791666666
0 0.4568684895833333 0.11181640624999999 0.57080078125 0.11181640624999999 0.57080078125 0.22412109375 0.4568684895833333 0.22412109375
0 0.40966796875 0.18343098958333334 0.52685546875 0.18343098958333334 0.52685546875 0.2859700520833333 0.40966796875 0.2859700520833333
0 0.3836263020833333 0.26481119791666663 0.5187174479166667 0.26481119791666663 0.5187174479166667 0.36246744791666663 0.3836263020833333 0.36246744791666663
0 0.3673502604166667 0.34781901041666663 0.49755859375000006 0.34781901041666663 0.49755859375000006 0.4763997395833333 0.3673502604166667 0.4763997395833333
