0 0.7328301553672316 0.8332450564971751 0.8321415960451977 0.8332450564971751 0.8321415960451977 0.9281426553672316 0.7328301553672316 0.9281426553672316
0 0.7184851694915255 0.75048552259887 0.8652454096045197 0.75048552259887 0.8652454096045197 0.8277277542372881 0.7184851694915255 0.8277277542372881
0 0.8707627118644068 0.7868997175141242 0.9513153248587571 0.7868997175141242 0.9513153248587571 0.9005561440677966 0.8707627118644068 0.9005561440677966
0 0.7295197740112995 0.5794491525423728 0.8674523305084745 0.5794491525423728 0.8674523305084745 0.6699329096045197 0.7295197740112995 0.6699329096045197
0 0.7118644067796611 0.4977930790960452 0.8762800141242937 0.4977930790960452 0.8762800141242937 0.5794491525423728 0.7118644067796611 0.5794491525423728
0 0.7217955508474576 0.4139300847457627 0.8663488700564972 0.4139300847457627 0.8663488700564972 0.4955861581920904 0.7217955508474576 0.4955861581920904
0 0.7295197740112995 0.3344809322033898 0.8751765536723164 0.3344809322033898 0.8751765536723164 0.4117231638418079 0.7295197740112995 0.4117231638418079
0 0.7416578389830508 0.2506179378531074 0.8806938559322033 0.2506179378531074 0.8806938559322033 0.3333774717514124 0.7416578389830508 0.3333774717514124
1 0.9049699858757063 0.3466189971751412 0.998046875 0.3466189971751412 0.998046875 0.5546732199235628 0.9049699858757063 0.5546732199235628
0 0.7526924435028248 0.16896186440677965 0.8718661723163841 0.16896186440677965 0.8718661723163841 0.24841101694915255 0.7526924435028248 0.24841101694915255
0 0.7560028248587571 0.08289194915254237 0.9336599576271187 0.08289194915254237 0.9336599576271187 0.16896186440677965 0.7560028248587571 0.16896186440677965
0 0.348825918079096 0.04427083333333334 0.6555879237288136 0.04427083333333334 0.6555879237288136 0.14578919491525424 0.348825918079096 0.14578919491525424
0 0.3499293785310734 0.15461687853107345 0.4735169491525424 0.15461687853107345 0.4735169491525424 0.22634180790960454 0.3499293785310734 0.22634180790960454
0 0.5187588276836158 0.15792725988700565 0.6544844632768362 0.15792725988700565 0.6544844632768362 0.24179025423728814 0.5187588276836158 0.24179025423728814
0 0.5176553672316384 0.24510063559322035 0.6633121468926554 0.24510063559322035 0.6633121468926554 0.3366878531073446 0.5176553672316384 0.3366878531073446
0 0.3510328389830508 0.23296257062146894 0.4845515536723164 0.23296257062146894 0.4845515536723164 0.3068944209039548 0.3510328389830508 0.3068944209039548
0 0.337791313559322 0.315722104519774 0.4646892655367232 0.315722104519774 0.4646892655367232 0.4051024011299435 0.337791313559322 0.4051024011299435
0 0.522069209039548 0.3466189971751412 0.6743467514124294 0.3466189971751412 0.6743467514124294 0.4117231638418079 0.522069209039548 0.4117231638418079
0 0.5077242231638418 0.4161370056497175 0.6710363700564972 0.4161370056497175 0.6710363700564972 0.4933792372881356 0.5077242231638418 0.4933792372881356
0 0.332274011299435 0.4139300847457627 0.4955861581920904 0.4139300847457627 0.4955861581920904 0.4878619350282486 0.332274011299435 0.4878619350282486
0 0.3311705508474576 0.4922757768361582 0.4624823446327684 0.4922757768361582 0.4624823446327684 0.5651041666666666 0.3311705508474576 0.5651041666666666
0 0.4900688559322034 0.4988965395480226 0.6886917372881356 0.4988965395480226 0.6886917372881356 0.5849664548022598 0.4900688559322034 0.5849664548022598
0 0.3344809322033898 0.5794491525423728 0.4492408192090396 0.5794491525423728 0.4492408192090396 0.6478637005649717 0.3344809322033898 0.6478637005649717
0 0.4812411723163842 0.5960010593220338 0.6390360169491526 0.5960010593220338 0.6390360169491526 0.6577948446327683 0.4812411723163842 0.6577948446327683
0 0.5143449858757062 0.6699329096045197 0.645656779661017 0.6699329096045197 0.645656779661017 0.7306232344632768 0.5143449858757062 0.7306232344632768
0 0.472413488700565 0.7526924435028248 0.634622175141243 0.7526924435028248 0.634622175141243 0.8409692796610169 0.472413488700565 0.8409692796610169
0 0.466896186440678 0.8431762005649717 0.6467602401129944 0.8431762005649717 0.6467602401129944 0.912694209039548 0.466896186440678 0.912694209039548
0 0.4746204096045198 0.9171080508474576 0.6368290960451978 0.9171080508474576 0.6368290960451978 0.9888329802259886 0.4746204096045198 0.9888329802259886
0 0.326756709039548 0.6522775423728813 0.43599929378531077 0.6522775423728813 0.43599929378531077 0.7460716807909604 0.326756709039548 0.7460716807909604
0 0.3256532485875706 0.744968220338983 0.455861581920904 0.744968220338983 0.455861581920904 0.8255208333333333 0.3256532485875706 0.8255208333333333
0 0.3113082627118644 0.8255208333333333 0.4459304378531074 0.8255208333333333 0.4459304378531074 0.9104872881355932 0.3113082627118644 0.9104872881355932
0 0.3046875 0.9248322740112994 0.42379782101146823 0.9248322740112994 0.42379782101146823 0.998046875 0.3046875 0.998046875
0 0.114892302259887 0.901659604519774 0.2539283192090396 0.901659604519774 0.2539283192090396 0.978901836158192 0.114892302259887 0.978901836158192
0 0.1126853813559322 0.8133827683615819 0.2561352401129944 0.8133827683615819 0.2561352401129944 0.8829007768361581 0.1126853813559322 0.8829007768361581
0 0.1170992231638418 0.6235875706214689 0.2561352401129944 0.6235875706214689 0.2561352401129944 0.7361405367231638 0.1170992231638418 0.7361405367231638
0 0.08289194915254239 0.4735169491525424 0.24951447740112997 0.4735169491525424 0.24951447740112997 0.577242231638418 0.08289194915254239 0.577242231638418
0 0.1115819209039548 0.3234463276836158 0.2671698446327684 0.3234463276836158 0.2671698446327684 0.4095162429378531 0.1115819209039548 0.4095162429378531
0 0.14799611581920902 0.4106197033898305 0.24399717514124297 0.4106197033898305 0.24399717514124297 0.4746204096045198 0.14799611581920902 0.4746204096045198
0 0.1292372881355932 0.5849664548022598 0.24179025423728817 0.5849664548022598 0.24179025423728817 0.6291048728813559 0.1292372881355932 0.6291048728813559
0 0.07737464689265539 0.772554731638418 0.14247881355932202 0.772554731638418 0.14247881355932202 0.8122793079096045 0.07737464689265539 0.8122793079096045
0 0.03544314971751411 0.6964159604519774 0.08840925141242939 0.6964159604519774 0.08840925141242939 0.7262093926553672 0.03544314971751411 0.7262093926553672
0 0.004546257062146897 0.5595868644067796 0.05309851694915252 0.5595868644067796 0.05309851694915252 0.6522775423728813 0.004546257062146897 0.6522775423728813
0 0.006753177966101698 0.3984816384180791 0.06302966101694918 0.3984816384180791 0.06302966101694918 0.4702065677966102 0.006753177966101698 0.4702065677966102
0 0.008960098870056499 0.3002736581920904 0.08951271186440679 0.3002736581920904 0.08951271186440679 0.3841366525423729 0.008960098870056499 0.3841366525423729
0 0.1170992231638418 0.23296257062146894 0.24068679378531077 0.23296257062146894 0.24068679378531077 0.3057909604519774 0.1170992231638418 0.3057909604519774
0 0.114892302259887 0.15572033898305085 0.2759975282485876 0.15572033898305085 0.2759975282485876 0.23075564971751414 0.114892302259887 0.23075564971751414
0 0.1126853813559322 0.039856991525423734 0.2782044491525424 0.039856991525423734 0.2782044491525424 0.14358227401129944 0.1126853813559322 0.14358227401129944
0 0.0034427966101694962 0.04537429378531074 0.06744350282485878 0.04537429378531074 0.06744350282485878 0.16675494350282485 0.0034427966101694962 0.16675494350282485
0 0.008960098870056499 0.17006532485875706 0.098340395480226 0.17006532485875706 0.098340395480226 0.2947563559322034 0.008960098870056499 0.2947563559322034
0 0.004546257062146897 0.7372439971751412 0.04868467514124292 0.7372439971751412 0.04868467514124292 0.811175847457627 0.004546257062146897 0.811175847457627
