0 0.004546257062146897 0.2517213983050848 0.1049611581920904 0.2517213983050848 0.1049611581920904 0.3653778248587571 0.004546257062146897 0.3653778248587571
0 0.1082715395480226 0.23185911016949154 0.15572033898305082 0.23185911016949154 0.15572033898305082 0.3024805790960452 0.1082715395480226 0.3024805790960452
0 0.1049611581920904 0.12703036723163844 0.1965483757062147 0.12703036723163844 0.1965483757062147 0.22965218926553674 0.1049611581920904 0.22965218926553674
0 0.1932379943502825 0.07627118644067797 0.2583421610169492 0.07627118644067797 0.2583421610169492 0.16675494350282485 0.1932379943502825 0.16675494350282485
0 0.2539283192090396 0.026615466101694917 0.3333774717514124 0.026615466101694917 0.3333774717514124 0.11709922316384182 0.2539283192090396 0.11709922316384182
0 0.4481373587570622 0.0012358757062146944 0.5540695621468926 0.0012358757062146944 0.5540695621468926 0.07958156779661017 0.4481373587570622 0.07958156779661017
0 0.39848163841807904 0.07296080508474577 0.505517302259887 0.07296080508474577 0.505517302259887 0.15461687853107345 0.39848163841807904 0.15461687853107345
0 0.2671698446327684 0.17337570621468928 0.39075741525423724 0.17337570621468928 0.39075741525423724 0.2793079096045198 0.2671698446327684 0.2793079096045198
0 0.21972104519774016 0.2782044491525424 0.3278601694915254 0.2782044491525424 0.3278601694915254 0.3366878531073446 0.21972104519774016 0.3366878531073446
0 0.15572033898305082 0.3366878531073446 0.2759975282485876 0.3366878531073446 0.2759975282485876 0.3995850988700565 0.15572033898305082 0.3995850988700565
0 0.06634004237288138 0.3973781779661017 0.21310028248587576 0.3973781779661017 0.21310028248587576 0.4646892655367232 0.06634004237288138 0.4646892655367232
0 0.006753177966101698 0.4679996468926554 0.109375 0.4679996468926554 0.109375 0.615863347457627 0.006753177966101698 0.615863347457627
0 0.7251059322033899 0.012270480225988705 0.8696592514124293 0.012270480225988705 0.8696592514124293 0.11268538135593222 0.7251059322033899 0.11268538135593222
0 0.662208686440678 0.11378884180790962 0.8045550847457628 0.11378884180790962 0.8045550847457628 0.1965483757062147 0.662208686440678 0.1965483757062147
0 0.618070268361582 0.1954449152542373 0.7416578389830508 0.1954449152542373 0.7416578389830508 0.2748940677966102 0.618070268361582 0.2748940677966102
0 0.483448093220339 0.2748940677966102 0.5926906779661016 0.2748940677966102 0.5926906779661016 0.3786193502824859 0.483448093220339 0.3786193502824859
0 0.3532397598870056 0.3918608757062147 0.4911723163841808 0.3918608757062147 0.4911723163841808 0.5088276836158192 0.3532397598870056 0.5088276836158192
0 0.2583421610169492 0.5187588276836158 0.3631709039548022 0.5187588276836158 0.3631709039548022 0.6180702683615819 0.2583421610169492 0.6180702683615819
0 0.103857697740113 0.6423463983050847 0.24841101694915257 0.6423463983050847 0.24841101694915257 0.7648305084745762 0.103857697740113 0.7648305084745762
0 0.0012358757062146952 0.7648305084745762 0.1082715395480226 0.7648305084745762 0.1082715395480226 0.918211511299435 0.0012358757062146952 0.918211511299435
1 0.8762800141242937 0.048684675141242945 0.9965572033898304 0.048684675141242945 0.9965572033898304 0.2726871468926554 0.8762800141242937 0.2726871468926554
0 0.6445533192090396 0.3024805790960452 0.7935204802259888 0.3024805790960452 0.7935204802259888 0.4393096751412429 0.6445533192090396 0.4393096751412429
0 0.5033103813559322 0.4106197033898305 0.6390360169491526 0.4106197033898305 0.6390360169491526 0.5628972457627118 0.5033103813559322 0.5628972457627118
0 0.39406779661016944 0.5584834039548022 0.5242761299435028 0.5584834039548022 0.5242761299435028 0.6820709745762711 0.39406779661016944 0.6820709745762711
0 0.282618290960452 0.6688294491525423 0.39406779661016944 0.6688294491525423 0.39406779661016944 0.800141242937853 0.282618290960452 0.800141242937853
0 0.14578919491525422 0.7880031779661016 0.22523834745762716 0.7880031779661016 0.22523834745762716 0.9943502824858756 0.14578919491525422 0.9943502824858756
0 0.8420727401129944 0.455861581920904 0.9766949152542372 0.455861581920904 0.9766949152542372 0.6169668079096045 0.8420727401129944 0.6169668079096045
0 0.728416313559322 0.5518626412429378 0.83545197740113 0.5518626412429378 0.83545197740113 0.761520127118644 0.728416313559322 0.761520127118644
0 0.6026218220338982 0.7162782485875706 0.7118644067796611 0.7162782485875706 0.7118644067796611 0.8597281073446327 0.6026218220338982 0.8597281073446327
1 0.43379237288135597 0.8387623587570621 0.5783456920903954 0.8387623587570621 0.5783456920903954 0.9965572033898304 0.43379237288135597 0.9965572033898304
0 0.9270391949152543 0.6533810028248587 0.997660663841808 0.6533810028248587 0.997660663841808 0.7692443502824858 0.9270391949152543 0.7692443502824858
0 0.8475900423728813 0.7217955508474576 0.934763418079096 0.7217955508474576 0.934763418079096 0.8553142655367231 0.8475900423728813 0.8553142655367231
0 0.7217955508474576 0.8012447033898304 0.83545197740113 0.8012447033898304 0.83545197740113 0.9193149717514124 0.7217955508474576 0.9193149717514124
