0 0.028808593749999986 0.0011393229166666479 0.07763671875 0.0011393229166666479 0.07763671875 0.06461588541666664 0.028808593749999986 0.06461588541666664
0 0.07926432291666666 0.002766927083333315 0.16064453125 0.002766927083333315 0.16064453125 0.06136067708333332 0.07926432291666666 0.06136067708333332
0 0.16552734375 0.002766927083333315 0.23714192708333331 0.002766927083333315 0.23714192708333331 0.07926432291666664 0.16552734375 0.07926432291666664
0 0.22737630208333331 0.002766927083333315 0.29736328125 0.002766927083333315 0.29736328125 0.07438151041666664 0.22737630208333331 0.07438151041666664
0 0.2957356770833333 0.002766927083333315 0.3819986979166667 0.002766927083333315 0.3819986979166667 0.10856119791666664 0.2957356770833333 0.10856119791666664
0 0.3885091145833333 0.0011393229166666479 0.4471028645833333 0.0011393229166666479 0.4471028645833333 0.09716796874999999 0.3885091145833333 0.09716796874999999
0 0.44384765625000006 0.0011393229166666479 0.51708984375 0.0011393229166666479 0.51708984375 0.10042317708333331 0.44384765625000006 0.10042317708333331
0 0.5187174479166667 0.002766927083333315 0.5887044270833333 0.002766927083333315 0.5887044270833333 0.13785807291666666 0.5187174479166667 0.13785807291666666
0 0.5089518229166667 0.16064453125 0.5870768229166667 0.16064453125 0.5870768229166667 0.2762044270833333 0.5089518229166667 0.2762044270833333
0 0.42919921875000006 0.15738932291666666 0.51220703125 0.15738932291666666 0.51220703125 0.29410807291666663 0.42919921875000006 0.29410807291666663
0 0.37060546875 0.14274088541666666 0.4324544270833333 0.14274088541666666 0.4324544270833333 0.24690755208333334 0.37060546875 0.24690755208333334
0 0.29248046875 0.13623046875 0.3575846354166667 0.13623046875 0.3575846354166667 0.24527994791666666 0.29248046875 0.24527994791666666
0 0.19807942708333331 0.10205078124999999 0.2843424479166667 0.10205078124999999 0.2843424479166667 0.24202473958333334 0.19807942708333331 0.24202473958333334
0 0.11669921875 0.09391276041666664 0.21110026041666669 0.09391276041666664 0.21110026041666669 0.24365234375 0.11669921875 0.24365234375
0 0.002766927083333315 0.09879557291666664 0.06298828125 0.09879557291666664 0.06298828125 0.20296223958333334 0.002766927083333315 0.20296223958333334
0 0.7156575520833333 0.03694661458333332 0.87841796875 0.03694661458333332 0.87841796875 0.23063151041666666 0.7156575520833333 0.23063151041666666
0 0.9060872395833333 0.017415364583333315 0.998046875 0.017415364583333315 0.998046875 0.20261185257523162 0.9060872395833333 0.20261185257523162
0 0.6912434895833333 0.29410807291666663 0.96630859375 0.29410807291666663 0.96630859375 0.38199869791666663 0.6912434895833333 0.38199869791666663
0 0.6717122395833333 0.41129557291666663 0.7498372395833333 0.41129557291666663 0.7498372395833333 0.68310546875 0.6717122395833333 0.68310546875
0 0.7888997395833333 0.6180013020833334 0.998046875 0.6180013020833334 0.998046875 0.7032689803685898 0.7888997395833333 0.7032689803685898
0 0.8377278645833333 0.7498372395833334 0.9972330729166667 0.7498372395833334 0.9972330729166667 0.9923502604166666 0.8377278645833333 0.9923502604166666
0 0.6717122395833333 0.8214518229166666 0.8165690104166667 0.8214518229166666 0.8165690104166667 0.99072265625 0.6717122395833333 0.99072265625
0 0.4861653645833333 0.85888671875 0.5447591145833333 0.85888671875 0.5447591145833333 0.97119140625 0.4861653645833333 0.97119140625
0 0.41455078125 0.89306640625 0.46826171875000006 0.89306640625 0.46826171875000006 0.9777018229166666 0.41455078125 0.9777018229166666
0 0.3299153645833333 0.8409830729166666 0.4178059895833333 0.8409830729166666 0.4178059895833333 0.9842122395833334 0.3299153645833333 0.9842122395833334
0 0.2501627604166667 0.8507486979166666 0.32666015625 0.8507486979166666 0.32666015625 0.96630859375 0.2501627604166667 0.96630859375
0 0.18180338541666669 0.8458658854166666 0.26318359375 0.8458658854166666 0.26318359375 0.9728190104166666 0.18180338541666669 0.9728190104166666
0 0.10530598958333331 0.83935546875 0.18994140625 0.83935546875 0.18994140625 0.9646809895833334 0.10530598958333331 0.9646809895833334
0 0.04020182291666666 0.8116861979166666 0.10856119791666666 0.8116861979166666 0.10856119791666666 0.9305013020833334 0.04020182291666666 0.9305013020833334
0 0.004394531249999986 0.6505533854166666 0.07275390625 0.6505533854166666 0.07275390625 0.7384440104166666 0.004394531249999986 0.7384440104166666
0 0.05973307291666666 0.6603190104166666 0.12483723958333331 0.6603190104166666 0.12483723958333331 0.77587890625 0.05973307291666666 0.77587890625
0 0.13297526041666666 0.67333984375 0.21110026041666669 0.67333984375 0.21110026041666669 0.7791341145833334 0.13297526041666666 0.7791341145833334
0 0.20296223958333331 0.68310546875 0.2664388020833333 0.68310546875 0.2664388020833333 0.8181966145833334 0.20296223958333331 0.8181966145833334
0 0.26806640625 0.6798502604166666 0.34619140625 0.6798502604166666 0.34619140625 0.82470703125 0.26806640625 0.82470703125
0 0.3575846354166667 0.6944986979166666 0.40966796875 0.6944986979166666 0.40966796875 0.7937825520833334 0.3575846354166667 0.7937825520833334
0 0.4259440104166667 0.70263671875 0.4861653645833333 0.70263671875 0.4861653645833333 0.8181966145833334 0.4259440104166667 0.8181966145833334
0 0.4959309895833333 0.68798828125 0.5577799479166667 0.68798828125 0.5577799479166667 0.8116861979166666 0.4959309895833333 0.8116861979166666
0 0.4226888020833333 0.4812825520833333 0.5724283854166667 0.4812825520833333 0.5724283854166667 0.62451171875 0.4226888020833333 0.62451171875
0 0.35107421875 0.5154622395833334 0.3982747395833333 0.5154622395833334 0.3982747395833333 0.6212565104166666 0.35107421875 0.6212565104166666
0 0.2713216145833333 0.47477213541666663 0.3429361979166667 0.47477213541666663 0.3429361979166667 0.6082356770833334 0.2713216145833333 0.6082356770833334
0 0.20458984375 0.46500651041666663 0.26806640625 0.46500651041666663 0.26806640625 0.59521484375 0.20458984375 0.59521484375
0 0.038574218749999986 0.43570963541666663 0.18831380208333331 0.43570963541666663 0.18831380208333331 0.5984700520833334 0.038574218749999986 0.5984700520833334
0 0.07275390625 0.29248046875 0.14274088541666666 0.29248046875 0.14274088541666666 0.42106119791666663 0.07275390625 0.42106119791666663
0 0.15413411458333331 0.29899088541666663 0.22249348958333331 0.29899088541666663 0.22249348958333331 0.42594401041666663 0.15413411458333331 0.42594401041666663
0 0.21598307291666669 0.31689453125 0.29248046875 0.31689453125 0.29248046875 0.42594401041666663 0.21598307291666669 0.42594401041666663
0 0.2859700520833333 0.3250325520833333 0.3592122395833333 0.3250325520833333 0.3592122395833333 0.4422200520833333 0.2859700520833333 0.4422200520833333
0 0.3673502604166667 0.34130859375 0.43408203125000006 0.34130859375 0.43408203125000006 0.4422200520833333 0.3673502604166667 0.4422200520833333
0 0.4308268229166667 0.3494466145833333 0.5187174479166667 0.3494466145833333 0.5187174479166667 0.45361328125 0.4308268229166667 0.45361328125
0 0.5089518229166667 0.3396809895833333 0.5821940104166667 0.3396809895833333 0.5821940104166667 0.4519856770833333 0.5089518229166667 0.4519856770833333
