0 0.19319661458333331 0.020670572916666647 0.34130859375 0.020670572916666647 0.34130859375 0.15901692708333334 0.19319661458333331 0.15901692708333334
0 0.13460286458333331 0.08740234374999999 0.2843424479166667 0.08740234374999999 0.2843424479166667 0.21598307291666666 0.13460286458333331 0.21598307291666666
0 0.07275390625 0.15738932291666666 0.22249348958333331 0.15738932291666666 0.22249348958333331 0.2908528645833333 0.07275390625 0.2908528645833333
0 0.025553385416666657 0.23063151041666666 0.14599609375 0.23063151041666666 0.14599609375 0.34781901041666663 0.025553385416666657 0.34781901041666663
0 0.002766927083333315 0.28922526041666663 0.09228515625 0.28922526041666663 0.09228515625 0.42919921875 0.002766927083333315 0.42919921875
0 0.26318359375 0.18017578125 0.4031575520833333 0.18017578125 0.4031575520833333 0.3152669270833333 0.26318359375 0.3152669270833333
0 0.20458984375 0.24527994791666666 0.35107421875 0.24527994791666666 0.35107421875 0.38199869791666663 0.20458984375 0.38199869791666663
0 0.13297526041666666 0.31689453125 0.29248046875 0.31689453125 0.29248046875 0.46012369791666663 0.13297526041666666 0.46012369791666663
0 0.11181640625 0.40966796875 0.22900390625 0.40966796875 0.22900390625 0.5138346354166666 0.11181640625 0.5138346354166666
0 0.027180989583333315 0.46500651041666663 0.18505859375 0.46500651041666663 0.18505859375 0.59521484375 0.027180989583333315 0.59521484375
0 0.004394531249999986 0.5773111979166666 0.10693359375 0.5773111979166666 0.10693359375 0.72216796875 0.004394531249999986 0.72216796875
0 0.010904947916666657 0.71728515625 0.16064453125 0.71728515625 0.16064453125 0.8653971354166666 0.010904947916666657 0.8653971354166666
0 0.11181640625 0.8035481770833334 0.23551432291666669 0.8035481770833334 0.23551432291666669 0.93701171875 0.11181640625 0.93701171875
0 0.16389973958333331 0.8409830729166666 0.3347981770833333 0.8409830729166666 0.3347981770833333 0.99560546875 0.16389973958333331 0.99560546875
0 0.2664388020833333 0.9158528645833334 0.379254110498366 0.9158528645833334 0.379254110498366 0.998046875 0.2664388020833333 0.998046875
0 0.23714192708333331 0.6180013020833334 0.37548828125 0.6180013020833334 0.37548828125 0.75146484375 0.23714192708333331 0.75146484375
0 0.2957356770833333 0.5333658854166666 0.41943359375000006 0.5333658854166666 0.41943359375000006 0.66357421875 0.2957356770833333 0.66357421875
0 0.3478190104166667 0.46826171875 0.47314453125000006 0.46826171875 0.47314453125000006 0.5919596354166666 0.3478190104166667 0.5919596354166666
0 0.3933919270833333 0.4031575520833333 0.50244140625 0.4031575520833333 0.50244140625 0.5089518229166666 0.3933919270833333 0.5089518229166666
0 0.4178059895833333 0.002766927083333315 0.5919596354166667 0.002766927083333315 0.5919596354166667 0.07438151041666664 0.4178059895833333 0.07438151041666664
0 0.4617513020833333 0.03694661458333332 0.6017252604166667 0.03694661458333332 0.6017252604166667 0.15413411458333334 0.4617513020833333 0.15413411458333334
0 0.4991861979166667 0.13948567708333334 0.6114908854166667 0.13948567708333334 0.6114908854166667 0.24527994791666666 0.4991861979166667 0.24527994791666666
0 0.54150390625 0.20133463541666666 0.6749674479166667 0.20133463541666666 0.6749674479166667 0.34293619791666663 0.54150390625 0.34293619791666663
0 0.5919596354166667 0.29736328125 0.7254231770833333 0.29736328125 0.7254231770833333 0.42106119791666663 0.5919596354166667 0.42106119791666663
0 0.64404296875 0.3738606770833333 0.75634765625 0.3738606770833333 0.75634765625 0.48453776041666663 0.64404296875 0.48453776041666663
0 0.6961263020833333 0.41129557291666663 0.8556315104166667 0.41129557291666663 0.8556315104166667 0.5691731770833334 0.6961263020833333 0.5691731770833334
0 0.7498372395833333 0.5333658854166666 0.86865234375 0.5333658854166666 0.86865234375 0.62939453125 0.7498372395833333 0.62939453125
0 0.8035481770833333 0.5496419270833334 0.9695638020833333 0.5496419270833334 0.9695638020833333 0.7107747395833334 0.8035481770833333 0.7107747395833334
0 0.8800455729166667 0.6700846354166666 0.9793294270833333 0.6700846354166666 0.9793294270833333 0.7596028645833334 0.8800455729166667 0.7596028645833334
0 0.4812825520833333 0.5187174479166666 0.5968424479166667 0.5187174479166666 0.5968424479166667 0.6407877604166666 0.4812825520833333 0.6407877604166666
0 0.3380533854166667 0.6765950520833334 0.4861653645833333 0.6765950520833334 0.4861653645833333 0.8214518229166666 0.3380533854166667 0.8214518229166666
0 0.4275716145833333 0.73681640625 0.5333658854166667 0.73681640625 0.5333658854166667 0.86865234375 0.4275716145833333 0.86865234375
0 0.47802734375000006 0.8133138020833334 0.5968424479166667 0.8133138020833334 0.5968424479166667 0.93212890625 0.47802734375000006 0.93212890625
0 0.5187174479166667 0.60498046875 0.6554361979166667 0.60498046875 0.6554361979166667 0.7303059895833334 0.5187174479166667 0.7303059895833334
0 0.59521484375 0.6765950520833334 0.72705078125 0.6765950520833334 0.72705078125 0.8084309895833334 0.59521484375 0.8084309895833334
0 0.6700846354166667 0.7579752604166666 0.7986653645833333 0.7579752604166666 0.7986653645833333 0.8865559895833334 0.6700846354166667 0.8865559895833334
0 0.73681640625 0.82958984375 0.89306640625 0.82958984375 0.89306640625 0.9842122395833334 0.73681640625 0.9842122395833334
0 0.5675455729166667 0.8621419270833334 0.70751953125 0.8621419270833334 0.70751953125 0.9939778645833334 0.5675455729166667 0.9939778645833334
0 0.8605143229166667 0.92236328125 0.9716242796985816 0.92236328125 0.9716242796985816 0.998046875 0.8605143229166667 0.998046875
0 0.6668294270833333 0.92236328125 0.8260803222656246 0.92236328125 0.8260803222656246 0.998046875 0.6668294270833333 0.998046875
0 0.9305013020833333 0.4324544270833333 0.99560546875 0.4324544270833333 0.99560546875 0.56103515625 0.9305013020833333 0.56103515625
0 0.8751627604166667 0.35595703125 0.98583984375 0.35595703125 0.98583984375 0.49755859375 0.8751627604166667 0.49755859375
0 0.7726236979166667 0.28922526041666663 0.9093424479166667 0.28922526041666663 0.9093424479166667 0.4226888020833333 0.7726236979166667 0.4226888020833333
0 0.74169921875 0.20296223958333334 0.86865234375 0.20296223958333334 0.86865234375 0.3152669270833333 0.74169921875 0.3152669270833333
0 0.6847330729166667 0.11832682291666664 0.8230794270833333 0.11832682291666664 0.8230794270833333 0.26318359375 0.6847330729166667 0.26318359375
0 0.6456705729166667 0.05159505208333332 0.77099609375 0.05159505208333332 0.77099609375 0.17041015625 0.6456705729166667 0.17041015625
0 0.6017252604166667 0.0011393229166666479 0.74169921875 0.0011393229166666479 0.74169921875 0.08577473958333331 0.6017252604166667 0.08577473958333331
0 0.8865559895833333 0.009277343749999983 0.9890950520833333 0.009277343749999983 0.9890950520833333 0.13297526041666666 0.8865559895833333 0.13297526041666666
0 0.9337565104166667 0.07600911458333331 0.998046875 0.07600911458333331 0.998046875 0.1981608072916668 0.9337565104166667 0.1981608072916668
