1 0.027180989583333315 0.0011393229166666479 0.3787434895833333 0.0011393229166666479 0.3787434895833333 0.29899088541666663 0.027180989583333315 0.29899088541666663
0 0.004394531249999986 0.37548828125 0.11669921875 0.37548828125 0.11669921875 0.51708984375 0.004394531249999986 0.51708984375
0 0.027180989583333315 0.6814778645833334 0.13297526041666666 0.6814778645833334 0.13297526041666666 0.7823893229166666 0.027180989583333315 0.7823893229166666
0 0.07438151041666666 0.60498046875 0.18831380208333331 0.60498046875 0.18831380208333331 0.7351888020833334 0.07438151041666666 0.7351888020833334
0 0.14111328125 0.5496419270833334 0.2957356770833333 0.5496419270833334 0.2957356770833333 0.6717122395833334 0.14111328125 0.6717122395833334
0 0.23551432291666669 0.6359049479166666 0.3673502604166667 0.6359049479166666 0.3673502604166667 0.7677408854166666 0.23551432291666669 0.7677408854166666
0 0.10367838541666666 0.7498372395833334 0.2762044270833333 0.7498372395833334 0.2762044270833333 0.9207356770833334 0.10367838541666666 0.9207356770833334
0 0.18831380208333331 0.71240234375 0.3055013020833333 0.71240234375 0.3055013020833333 0.8426106770833334 0.18831380208333331 0.8426106770833334
0 0.09391276041666666 0.8523763020833334 0.21110026041666669 0.8523763020833334 0.21110026041666669 0.9728190104166666 0.09391276041666666 0.9728190104166666
0 0.009277343749999986 0.8995768229166666 0.15294676400273216 0.8995768229166666 0.15294676400273216 0.998046875 0.009277343749999986 0.998046875
0 0.30224609375 0.4080403645833333 0.4080403645833333 0.4080403645833333 0.4080403645833333 0.5382486979166666 0.30224609375 0.5382486979166666
0 0.3380533854166667 0.35758463541666663 0.4552408854166667 0.35758463541666663 0.4552408854166667 0.49430338541666663 0.3380533854166667 0.49430338541666663
0 0.3966471354166667 0.2957356770833333 0.5089518229166667 0.2957356770833333 0.5089518229166667 0.39501953125 0.3966471354166667 0.39501953125
0 0.44384765625000006 0.21272786458333334 0.5821940104166667 0.21272786458333334 0.5821940104166667 0.34130859375 0.44384765625000006 0.34130859375
0 0.5187174479166667 0.17366536458333334 0.63427734375 0.17366536458333334 0.63427734375 0.2859700520833333 0.5187174479166667 0.2859700520833333
0 0.58056640625 0.10367838541666664 0.69287109375 0.10367838541666664 0.69287109375 0.23063151041666666 0.58056640625 0.23063151041666666
0 0.6375325520833333 0.05647786458333332 0.7530924479166667 0.05647786458333332 0.7530924479166667 0.16552734375 0.6375325520833333 0.16552734375
0 0.6912434895833333 0.002766927083333315 0.82958984375 0.002766927083333315 0.82958984375 0.10856119791666664 0.6912434895833333 0.10856119791666664
0 0.3689778645833333 0.4959309895833333 0.5089518229166667 0.4959309895833333 0.5089518229166667 0.64404296875 0.3689778645833333 0.64404296875
0 0.42919921875000006 0.46337890625 0.5496419270833333 0.46337890625 0.5496419270833333 0.5789388020833334 0.42919921875000006 0.5789388020833334
0 0.4959309895833333 0.39176432291666663 0.6163736979166667 0.39176432291666663 0.6163736979166667 0.5154622395833334 0.4959309895833333 0.5154622395833334
0 0.5642903645833333 0.34781901041666663 0.7140299479166667 0.34781901041666663 0.7140299479166667 0.4861653645833333 0.5642903645833333 0.4861653645833333
0 0.61962890625 0.27294921875 0.7449544270833333 0.27294921875 0.7449544270833333 0.4080403645833333 0.61962890625 0.4080403645833333
0 0.6652018229166667 0.19645182291666666 0.8019205729166667 0.19645182291666666 0.8019205729166667 0.3543294270833333 0.6652018229166667 0.3543294270833333
0 0.7286783854166667 0.12646484375 0.8653971354166667 0.12646484375 0.8653971354166667 0.28434244791666663 0.7286783854166667 0.28434244791666663
0 0.79541015625 0.10042317708333331 0.9256184895833333 0.10042317708333331 0.9256184895833333 0.23063151041666666 0.79541015625 0.23063151041666666
0 0.8605143229166667 0.03206380208333332 0.9874674479166667 0.03206380208333332 0.9874674479166667 0.15413411458333334 0.8605143229166667 0.15413411458333334
0 0.5675455729166667 0.6668294270833334 0.6847330729166667 0.6668294270833334 0.6847330729166667 0.7986653645833334 0.5675455729166667 0.7986653645833334
0 0.6033528645833333 0.60986328125 0.7384440104166667 0.60986328125 0.7384440104166667 0.7351888020833334 0.6033528645833333 0.7351888020833334
0 0.6652018229166667 0.55126953125 0.7823893229166667 0.55126953125 0.7823893229166667 0.6619466145833334 0.6652018229166667 0.6619466145833334
0 0.7384440104166667 0.4959309895833333 0.8361002604166667 0.4959309895833333 0.8361002604166667 0.5838216145833334 0.7384440104166667 0.5838216145833334
0 0.7872721354166667 0.43082682291666663 0.8963216145833333 0.43082682291666663 0.8963216145833333 0.5349934895833334 0.7872721354166667 0.5349934895833334
0 0.8426106770833333 0.35107421875 0.998046875 0.35107421875 0.998046875 0.5113677978515625 0.8426106770833333 0.5113677978515625
0 0.89794921875 0.29248046875 0.9972330729166667 0.29248046875 0.9972330729166667 0.44384765625 0.89794921875 0.44384765625
0 0.6505533854166667 0.77587890625 0.7775065104166667 0.77587890625 0.7775065104166667 0.9191080729166666 0.6505533854166667 0.9191080729166666
0 0.7205403645833333 0.7286783854166666 0.8328450520833333 0.7286783854166666 0.8328450520833333 0.8409830729166666 0.7205403645833333 0.8409830729166666
0 0.7888997395833333 0.61962890625 0.94677734375 0.61962890625 0.94677734375 0.7823893229166666 0.7888997395833333 0.7823893229166666
0 0.9060872395833333 0.5431315104166666 0.998046875 0.5431315104166666 0.998046875 0.651950412326389 0.9060872395833333 0.651950412326389
0 0.4112955729166667 0.81982421875 0.5349934895833333 0.81982421875 0.5349934895833333 0.9451497395833334 0.4112955729166667 0.9451497395833334
0 0.3429361979166667 0.05485026041666665 0.44873046875000006 0.05485026041666665 0.44873046875000006 0.14599609375 0.3429361979166667 0.14599609375
0 0.3917643229166667 0.0011393229166666479 0.5138346354166667 0.0011393229166666479 0.5138346354166667 0.09391276041666664 0.3917643229166667 0.09391276041666664
0 0.2794596354166667 0.93212890625 0.4189604530038758 0.93212890625 0.4189604530038758 0.998046875 0.2794596354166667 0.998046875
0 0.3494466145833333 0.87841796875 0.4715169270833333 0.87841796875 0.4715169270833333 0.99560546875 0.3494466145833333 0.99560546875
0 0.4747721354166667 0.88818359375 0.6499164968297098 0.88818359375 0.6499164968297098 0.998046875 0.4747721354166667 0.998046875
0 0.78076171875 0.9435221354166666 0.9194103422619042 0.9435221354166666 0.9194103422619042 0.998046875 0.78076171875 0.998046875
0 0.84423828125 0.8816731770833334 0.9777018229166667 0.8816731770833334 0.9777018229166667 0.9890950520833334 0.84423828125 0.9890950520833334
0 0.8914388020833333 0.8133138020833334 0.99560546875 0.8133138020833334 0.99560546875 0.9581705729166666 0.8914388020833333 0.9581705729166666
