1 0.009277343749999986 0.14599609375 0.2810872395833333 0.14599609375 0.2810872395833333 0.42919921875 0.009277343749999986 0.42919921875
0 0.19482421875 0.2615559895833333 0.3738606770833333 0.2615559895833333 0.3738606770833333 0.46500651041666663 0.19482421875 0.46500651041666663
0 0.010904947916666657 0.50732421875 0.14274088541666666 0.50732421875 0.14274088541666666 0.6847330729166666 0.010904947916666657 0.6847330729166666
1 0.002766927083333315 0.7596028645833334 0.33642578125 0.7596028645833334 0.33642578125 0.9972330729166666 0.002766927083333315 0.9972330729166666
0 0.47802734375000006 0.8361002604166666 0.5740559895833333 0.8361002604166666 0.5740559895833333 0.9337565104166666 0.47802734375000006 0.9337565104166666
0 0.51708984375 0.88818359375 0.62939453125 0.88818359375 0.62939453125 0.9890950520833334 0.51708984375 0.9890950520833334
0 0.3494466145833333 0.7058919270833334 0.46826171875000006 0.7058919270833334 0.46826171875000006 0.82958984375 0.3494466145833333 0.82958984375
0 0.3087565104166667 0.6652018229166666 0.4210611979166667 0.6652018229166666 0.4210611979166667 0.78076171875 0.3087565104166667 0.78076171875
0 0.24202473958333331 0.5594075520833334 0.3819986979166667 0.5594075520833334 0.3819986979166667 0.7189127604166666 0.24202473958333331 0.7189127604166666
0 0.34130859375 0.5008138020833334 0.4568684895833333 0.5008138020833334 0.4568684895833333 0.62939453125 0.34130859375 0.62939453125
0 0.3933919270833333 0.4373372395833333 0.4910481770833333 0.4373372395833333 0.4910481770833333 0.5594075520833334 0.3933919270833333 0.5594075520833334
0 0.4454752604166667 0.38525390625 0.5642903645833333 0.38525390625 0.5642903645833333 0.5089518229166666 0.4454752604166667 0.5089518229166666
0 0.4910481770833333 0.42919921875 0.60009765625 0.42919921875 0.60009765625 0.53662109375 0.4910481770833333 0.53662109375
0 0.54150390625 0.4861653645833333 0.64404296875 0.4861653645833333 0.64404296875 0.5838216145833334 0.54150390625 0.5838216145833334
0 0.5821940104166667 0.5333658854166666 0.68798828125 0.5333658854166666 0.68798828125 0.63427734375 0.5821940104166667 0.63427734375
0 0.6163736979166667 0.5838216145833334 0.7254231770833333 0.5838216145833334 0.7254231770833333 0.6847330729166666 0.6163736979166667 0.6847330729166666
0 0.6652018229166667 0.6326497395833334 0.76611328125 0.6326497395833334 0.76611328125 0.71728515625 0.6652018229166667 0.71728515625
0 0.70751953125 0.6765950520833334 0.8068033854166667 0.6765950520833334 0.8068033854166667 0.7775065104166666 0.70751953125 0.7775065104166666
0 0.7530924479166667 0.7254231770833334 0.8507486979166667 0.7254231770833334 0.8507486979166667 0.8181966145833334 0.7530924479166667 0.8181966145833334
0 0.7937825520833333 0.7775065104166666 0.87841796875 0.7775065104166666 0.87841796875 0.8702799479166666 0.7937825520833333 0.8702799479166666
0 0.8116861979166667 0.8133138020833334 0.93212890625 0.8133138020833334 0.93212890625 0.9256184895833334 0.8116861979166667 0.9256184895833334
0 0.75634765625 0.86865234375 0.85888671875 0.86865234375 0.85888671875 0.9923502604166666 0.75634765625 0.9923502604166666
0 0.7091471354166667 0.9239908854166666 0.8073518172554346 0.9239908854166666 0.8073518172554346 0.998046875 0.7091471354166667 0.998046875
0 0.6814778645833333 0.82958984375 0.78564453125 0.82958984375 0.78564453125 0.9305013020833334 0.6814778645833333 0.9305013020833334
0 0.63916015625 0.7775065104166666 0.74658203125 0.7775065104166666 0.74658203125 0.8849283854166666 0.63916015625 0.8849283854166666
0 0.9044596354166667 0.5301106770833334 0.998046875 0.5301106770833334 0.998046875 0.7172851562500001 0.9044596354166667 0.7172851562500001
0 0.84423828125 0.4373372395833333 0.96142578125 0.4373372395833333 0.96142578125 0.5724283854166666 0.84423828125 0.5724283854166666
0 0.5919596354166667 0.7237955729166666 0.70263671875 0.7237955729166666 0.70263671875 0.84423828125 0.5919596354166667 0.84423828125
0 0.5577799479166667 0.6863606770833334 0.6570638020833333 0.6863606770833334 0.6570638020833333 0.7921549479166666 0.5577799479166667 0.7921549479166666
0 0.5105794270833333 0.6326497395833334 0.61474609375 0.6326497395833334 0.61474609375 0.7482096354166666 0.5105794270833333 0.7482096354166666
0 0.4747721354166667 0.58544921875 0.5691731770833333 0.58544921875 0.5691731770833333 0.6847330729166666 0.4747721354166667 0.6847330729166666
0 0.42919921875000006 0.5284830729166666 0.5431315104166667 0.5284830729166666 0.5431315104166667 0.6472981770833334 0.42919921875000006 0.6472981770833334
0 0.7726236979166667 0.40152994791666663 0.8898111979166667 0.40152994791666663 0.8898111979166667 0.51220703125 0.7726236979166667 0.51220703125
0 0.7156575520833333 0.3396809895833333 0.8214518229166667 0.3396809895833333 0.8214518229166667 0.43082682291666663 0.7156575520833333 0.43082682291666663
0 0.6717122395833333 0.23225911458333334 0.8035481770833333 0.23225911458333334 0.8035481770833333 0.3494466145833333 0.6717122395833333 0.3494466145833333
0 0.61962890625 0.19970703125 0.7107747395833333 0.19970703125 0.7107747395833333 0.2908528645833333 0.61962890625 0.2908528645833333
0 0.5138346354166667 0.08902994791666664 0.6961263020833333 0.08902994791666664 0.6961263020833333 0.2664388020833333 0.5138346354166667 0.2664388020833333
0 0.40478515625 0.002766927083333315 0.5968424479166667 0.002766927083333315 0.5968424479166667 0.18668619791666666 0.40478515625 0.18668619791666666
0 0.7140299479166667 0.04508463541666665 0.8165690104166667 0.04508463541666665 0.8165690104166667 0.15738932291666666 0.7140299479166667 0.15738932291666666
0 0.7498372395833333 0.12483723958333333 0.87841796875 0.12483723958333333 0.87841796875 0.2566731770833333 0.7498372395833333 0.2566731770833333
0 0.8263346354166667 0.17203776041666666 0.95654296875 0.17203776041666666 0.95654296875 0.3055013020833333 0.8263346354166667 0.3055013020833333
0 0.85888671875 0.24039713541666666 0.99560546875 0.24039713541666666 0.99560546875 0.39176432291666663 0.85888671875 0.39176432291666663
