0 0.017415364583333315 0.5773111979166666 0.13297526041666666 0.5773111979166666 0.13297526041666666 0.7091471354166666 0.017415364583333315 0.7091471354166666
0 0.12483723958333331 0.57568359375 0.22900390625 0.57568359375 0.22900390625 0.71728515625 0.12483723958333331 0.71728515625
0 0.21435546875 0.57080078125 0.33154296875 0.57080078125 0.33154296875 0.7254231770833334 0.21435546875 0.7254231770833334
0 0.32177734375 0.5919596354166666 0.4129231770833333 0.5919596354166666 0.4129231770833333 0.7335611979166666 0.32177734375 0.7335611979166666
0 0.4015299479166667 0.6228841145833334 0.5105794270833333 0.6228841145833334 0.5105794270833333 0.74169921875 0.4015299479166667 0.74169921875
0 0.50244140625 0.6163736979166666 0.60986328125 0.6163736979166666 0.60986328125 0.75146484375 0.50244140625 0.75146484375
0 0.5984700520833333 0.6277669270833334 0.7140299479166667 0.6277669270833334 0.7140299479166667 0.77587890625 0.5984700520833333 0.77587890625
0 0.69287109375 0.6749674479166666 0.79541015625 0.6749674479166666 0.79541015625 0.7775065104166666 0.69287109375 0.7775065104166666
0 0.7872721354166667 0.6407877604166666 0.9060872395833333 0.6407877604166666 0.9060872395833333 0.8035481770833334 0.7872721354166667 0.8035481770833334
0 0.9044596354166667 0.6847330729166666 0.9744466145833333 0.6847330729166666 0.9744466145833333 0.7921549479166666 0.9044596354166667 0.7921549479166666
0 0.7351888020833333 0.9044596354166666 0.8214518229166667 0.9044596354166666 0.8214518229166667 0.9972330729166666 0.7351888020833333 0.9972330729166666
0 0.64892578125 0.8914388020833334 0.7288818359375 0.8914388020833334 0.7288818359375 0.998046875 0.64892578125 0.998046875
0 0.5545247395833333 0.88330078125 0.6409772759703196 0.88330078125 0.6409772759703196 0.998046875 0.5545247395833333 0.998046875
0 0.4568684895833333 0.85400390625 0.5629221039377289 0.85400390625 0.5629221039377289 0.998046875 0.4568684895833333 0.998046875
0 0.3868815104166667 0.8605143229166666 0.4796549479166667 0.8605143229166666 0.4796549479166667 0.9695638020833334 0.3868815104166667 0.9695638020833334
0 0.28759765625 0.83935546875 0.3885091145833333 0.83935546875 0.3885091145833333 0.9890950520833334 0.28759765625 0.9890950520833334
0 0.20133463541666669 0.83935546875 0.29248046875 0.83935546875 0.29248046875 0.9386393229166666 0.20133463541666669 0.9386393229166666
0 0.09716796875 0.8263346354166666 0.20458984375 0.8263346354166666 0.20458984375 0.96142578125 0.09716796875 0.96142578125
0 0.014160156249999986 0.8214518229166666 0.11018880208333331 0.8214518229166666 0.11018880208333331 0.94189453125 0.014160156249999986 0.94189453125
