0 0.056477864583333315 0.0011393229166666479 0.19319661458333331 0.0011393229166666479 0.19319661458333331 0.04508463541666665 0.056477864583333315 0.04508463541666665
0 0.05810546875 0.04020182291666665 0.15576171875 0.04020182291666665 0.15576171875 0.12646484375 0.05810546875 0.12646484375
0 0.06298828125 0.12972005208333334 0.15413411458333331 0.12972005208333334 0.15413411458333331 0.20621744791666666 0.06298828125 0.20621744791666666
0 0.04996744791666666 0.19807942708333334 0.15413411458333331 0.19807942708333334 0.15413411458333331 0.29410807291666663 0.04996744791666666 0.29410807291666663
0 0.0011393229166666574 0.28759765625 0.14274088541666666 0.28759765625 0.14274088541666666 0.40966796875 0.0011393229166666574 0.40966796875
0 0.002766927083333315 0.5154622395833334 0.08414713541666666 0.5154622395833334 0.08414713541666666 0.6180013020833334 0.002766927083333315 0.6180013020833334
0 0.09391276041666666 0.51220703125 0.18668619791666669 0.51220703125 0.18668619791666669 0.63916015625 0.09391276041666666 0.63916015625
0 0.19156901041666669 0.53173828125 0.2941080729166667 0.53173828125 0.2941080729166667 0.63427734375 0.19156901041666669 0.63427734375
0 0.3055013020833333 0.53662109375 0.4666341145833333 0.53662109375 0.4666341145833333 0.64892578125 0.3055013020833333 0.64892578125
0 0.48779296875000006 0.5236002604166666 0.5740559895833333 0.5236002604166666 0.5740559895833333 0.6326497395833334 0.48779296875000006 0.6326497395833334
0 0.5870768229166667 0.5496419270833334 0.6668294270833333 0.5496419270833334 0.6668294270833333 0.6359049479166666 0.5870768229166667 0.6359049479166666
0 0.6847330729166667 0.5545247395833334 0.7644856770833333 0.5545247395833334 0.7644856770833333 0.6326497395833334 0.6847330729166667 0.6326497395833334
0 0.7872721354166667 0.5577799479166666 0.8719075520833333 0.5577799479166666 0.8719075520833333 0.6456705729166666 0.7872721354166667 0.6456705729166666
0 0.6180013020833333 0.6847330729166666 0.71240234375 0.6847330729166666 0.71240234375 0.89794921875 0.6180013020833333 0.89794921875
0 0.7775065104166667 0.6896158854166666 0.8800455729166667 0.6896158854166666 0.8800455729166667 0.9012044270833334 0.7775065104166667 0.9012044270833334
0 0.4373372395833333 0.73193359375 0.51220703125 0.73193359375 0.51220703125 0.88818359375 0.4373372395833333 0.88818359375
0 0.18831380208333331 0.6603190104166666 0.3819986979166667 0.6603190104166666 0.3819986979166667 0.7384440104166666 0.18831380208333331 0.7384440104166666
0 0.04020182291666666 0.7140299479166666 0.14274088541666666 0.7140299479166666 0.14274088541666666 0.87841796875 0.04020182291666666 0.87841796875
0 0.2599283854166667 0.25016276041666663 0.3624674479166667 0.25016276041666663 0.3624674479166667 0.33317057291666663 0.2599283854166667 0.33317057291666663
0 0.2664388020833333 0.16552734375 0.4015299479166667 0.16552734375 0.4015299479166667 0.25016276041666663 0.2664388020833333 0.25016276041666663
0 0.2713216145833333 0.06787109374999999 0.4015299479166667 0.06787109374999999 0.4015299479166667 0.15901692708333334 0.2713216145833333 0.15901692708333334
0 0.2664388020833333 0.0011393229166666479 0.40966796875 0.0011393229166666479 0.40966796875 0.07600911458333331 0.2664388020833333 0.07600911458333331
0 0.43896484375000006 0.004394531249999982 0.52685546875 0.004394531249999982 0.52685546875 0.07763671874999999 0.43896484375000006 0.07763671874999999
0 0.4161783854166667 0.08089192708333331 0.5284830729166667 0.08089192708333331 0.5284830729166667 0.16227213541666666 0.4161783854166667 0.16227213541666666
0 0.3982747395833333 0.17529296875 0.5203450520833333 0.17529296875 0.5203450520833333 0.25504557291666663 0.3982747395833333 0.25504557291666663
0 0.4031575520833333 0.26318359375 0.51708984375 0.26318359375 0.51708984375 0.36572265625 0.4031575520833333 0.36572265625
0 0.3836263020833333 0.34619140625 0.5105794270833333 0.34619140625 0.5105794270833333 0.4275716145833333 0.3836263020833333 0.4275716145833333
0 0.6326497395833333 0.35270182291666663 0.7449544270833333 0.35270182291666663 0.7449544270833333 0.43082682291666663 0.6326497395833333 0.43082682291666663
0 0.6375325520833333 0.26806640625 0.75634765625 0.26806640625 0.75634765625 0.35595703125 0.6375325520833333 0.35595703125
0 0.63916015625 0.17692057291666666 0.7596028645833333 0.17692057291666666 0.7596028645833333 0.26806640625 0.63916015625 0.26806640625
0 0.6424153645833333 0.09716796874999999 0.73681640625 0.09716796874999999 0.73681640625 0.18180338541666666 0.6424153645833333 0.18180338541666666
0 0.64892578125 0.007649739583333316 0.7400716145833333 0.007649739583333316 0.7400716145833333 0.08902994791666664 0.64892578125 0.08902994791666664
0 0.8084309895833333 0.027180989583333315 0.9142252604166667 0.027180989583333315 0.9142252604166667 0.10693359374999999 0.8084309895833333 0.10693359374999999
0 0.76611328125 0.10856119791666664 0.9191080729166667 0.10856119791666664 0.9191080729166667 0.19970703125 0.76611328125 0.19970703125
0 0.7547200520833333 0.19645182291666666 0.8995768229166667 0.19645182291666666 0.8995768229166667 0.28434244791666663 0.7547200520833333 0.28434244791666663
0 0.80029296875 0.3006184895833333 0.9012044270833333 0.3006184895833333 0.9012044270833333 0.46500651041666663 0.80029296875 0.46500651041666663
