0 0.21923828125 0.002766927083333315 0.3429361979166667 0.002766927083333315 0.3429361979166667 0.06136067708333332 0.21923828125 0.06136067708333332
0 0.16715494791666669 0.04996744791666665 0.3299153645833333 0.04996744791666665 0.3299153645833333 0.18343098958333334 0.16715494791666669 0.18343098958333334
0 0.13948567708333331 0.16227213541666666 0.28759765625 0.16227213541666666 0.28759765625 0.3152669270833333 0.13948567708333331 0.3152669270833333
0 0.061360677083333315 0.40478515625 0.18994140625 0.40478515625 0.18994140625 0.5333658854166666 0.061360677083333315 0.5333658854166666
0 0.04996744791666666 0.5138346354166666 0.15250651041666666 0.5138346354166666 0.15250651041666666 0.62939453125 0.04996744791666666 0.62939453125
0 0.019042968749999986 0.60986328125 0.12972005208333331 0.60986328125 0.12972005208333331 0.7042643229166666 0.019042968749999986 0.7042643229166666
0 0.010904947916666657 0.70751953125 0.11832682291666666 0.70751953125 0.11832682291666666 0.8865559895833334 0.010904947916666657 0.8865559895833334
0 0.16878255208333331 0.91259765625 0.30170355902777746 0.91259765625 0.30170355902777746 0.998046875 0.16878255208333331 0.998046875
0 0.21761067708333331 0.8361002604166666 0.33154296875 0.8361002604166666 0.33154296875 0.9353841145833334 0.21761067708333331 0.9353841145833334
0 0.22574869791666669 0.71240234375 0.3722330729166667 0.71240234375 0.3722330729166667 0.8409830729166666 0.22574869791666669 0.8409830729166666
0 0.21923828125 0.60986328125 0.3885091145833333 0.60986328125 0.3885091145833333 0.7400716145833334 0.21923828125 0.7400716145833334
0 0.3103841145833333 0.5203450520833334 0.4308268229166667 0.5203450520833334 0.4308268229166667 0.6424153645833334 0.3103841145833333 0.6424153645833334
0 0.36083984375 0.35270182291666663 0.4861653645833333 0.35270182291666663 0.4861653645833333 0.46826171875 0.36083984375 0.46826171875
0 0.32666015625 0.22900390625 0.5236002604166667 0.22900390625 0.5236002604166667 0.37223307291666663 0.32666015625 0.37223307291666663
0 0.4308268229166667 0.16389973958333334 0.5480143229166667 0.16389973958333334 0.5480143229166667 0.26481119791666663 0.4308268229166667 0.26481119791666663
0 0.4422200520833333 0.058105468749999986 0.57568359375 0.058105468749999986 0.57568359375 0.17692057291666666 0.4422200520833333 0.17692057291666666
0 0.4894205729166667 0.004394531249999982 0.6114908854166667 0.004394531249999982 0.6114908854166667 0.07763671874999999 0.4894205729166667 0.07763671874999999
0 0.4324544270833333 0.91259765625 0.5528971354166667 0.91259765625 0.5528971354166667 0.99560546875 0.4324544270833333 0.99560546875
0 0.4698893229166667 0.79052734375 0.61474609375 0.79052734375 0.61474609375 0.91259765625 0.4698893229166667 0.91259765625
0 0.5040690104166667 0.7058919270833334 0.6326497395833333 0.7058919270833334 0.6326497395833333 0.8263346354166666 0.5040690104166667 0.8263346354166666
0 0.5252278645833333 0.5984700520833334 0.65380859375 0.5984700520833334 0.65380859375 0.73193359375 0.5252278645833333 0.73193359375
0 0.5919596354166667 0.3494466145833333 0.7449544270833333 0.3494466145833333 0.7449544270833333 0.5447591145833334 0.5919596354166667 0.5447591145833334
0 0.65380859375 0.23714192708333334 0.7726236979166667 0.23714192708333334 0.7726236979166667 0.35595703125 0.65380859375 0.35595703125
0 0.6749674479166667 0.13297526041666666 0.80517578125 0.13297526041666666 0.80517578125 0.25016276041666663 0.6749674479166667 0.25016276041666663
0 0.7254231770833333 0.015787760416666647 0.8767903645833333 0.015787760416666647 0.8767903645833333 0.13460286458333334 0.7254231770833333 0.13460286458333334
0 0.89306640625 0.06624348958333331 0.998046875 0.06624348958333331 0.998046875 0.19438141467524517 0.89306640625 0.19438141467524517
0 0.8605143229166667 0.18505859375 0.9890950520833333 0.18505859375 0.9890950520833333 0.28922526041666663 0.8605143229166667 0.28922526041666663
0 0.78564453125 0.26481119791666663 0.9484049479166667 0.26481119791666663 0.9484049479166667 0.41617838541666663 0.78564453125 0.41617838541666663
0 0.8035481770833333 0.39176432291666663 0.92236328125 0.39176432291666663 0.92236328125 0.4861653645833333 0.8035481770833333 0.4861653645833333
0 0.77099609375 0.47802734375 0.8865559895833333 0.47802734375 0.8865559895833333 0.6114908854166666 0.77099609375 0.6114908854166666
0 0.72216796875 0.66357421875 0.8279622395833333 0.66357421875 0.8279622395833333 0.7628580729166666 0.72216796875 0.7628580729166666
0 0.6521809895833333 0.7498372395833334 0.7677408854166667 0.7498372395833334 0.7677408854166667 0.8572591145833334 0.6521809895833333 0.8572591145833334
0 0.63916015625 0.8426106770833334 0.7693684895833333 0.8426106770833334 0.7693684895833333 0.9695638020833334 0.63916015625 0.9695638020833334
