0 0.0011393229166666574 0.34293619791666663 0.05485026041666666 0.34293619791666663 0.05485026041666666 0.49430338541666663 0.0011393229166666574 0.49430338541666663
0 0.051595052083333315 0.33805338541666663 0.15087890625 0.33805338541666663 0.15087890625 0.5089518229166666 0.051595052083333315 0.5089518229166666
0 0.11995442708333331 0.40152994791666663 0.22574869791666669 0.40152994791666663 0.22574869791666669 0.5301106770833334 0.11995442708333331 0.5301106770833334
0 0.22412109375 0.38525390625 0.3234049479166667 0.38525390625 0.3234049479166667 0.55126953125 0.22412109375 0.55126953125
0 0.3087565104166667 0.35107421875 0.4308268229166667 0.35107421875 0.4308268229166667 0.5740559895833334 0.3087565104166667 0.5740559895833334
0 0.3982747395833333 0.44384765625 0.4991861979166667 0.44384765625 0.4991861979166667 0.5821940104166666 0.3982747395833333 0.5821940104166666
0 0.4861653645833333 0.4861653645833333 0.5838216145833333 0.4861653645833333 0.5838216145833333 0.6082356770833334 0.4861653645833333 0.6082356770833334
0 0.5724283854166667 0.47965494791666663 0.6668294270833333 0.47965494791666663 0.6668294270833333 0.5984700520833334 0.5724283854166667 0.5984700520833334
0 0.6603190104166667 0.4959309895833333 0.7530924479166667 0.4959309895833333 0.7530924479166667 0.64404296875 0.6603190104166667 0.64404296875
0 0.73193359375 0.5138346354166666 0.8426106770833333 0.5138346354166666 0.8426106770833333 0.6717122395833334 0.73193359375 0.6717122395833334
0 0.82470703125 0.5349934895833334 0.9353841145833333 0.5349934895833334 0.9353841145833333 0.6993815104166666 0.82470703125 0.6993815104166666
0 0.90771484375 0.55615234375 0.998046875 0.55615234375 0.998046875 0.7513860887096776 0.90771484375 0.7513860887096776
0 0.004394531249999986 0.6131184895833334 0.05810546875 0.6131184895833334 0.05810546875 0.73681640625 0.004394531249999986 0.73681640625
0 0.04508463541666666 0.6310221354166666 0.15413411458333331 0.6310221354166666 0.15413411458333331 0.7693684895833334 0.04508463541666666 0.7693684895833334
0 0.14274088541666666 0.6505533854166666 0.24039713541666669 0.6505533854166666 0.24039713541666669 0.7872721354166666 0.14274088541666666 0.7872721354166666
0 0.23063151041666669 0.6652018229166666 0.32666015625 0.6652018229166666 0.32666015625 0.7970377604166666 0.23063151041666669 0.7970377604166666
0 0.3282877604166667 0.6798502604166666 0.4064127604166667 0.6798502604166666 0.4064127604166667 0.7937825520833334 0.3282877604166667 0.7937825520833334
0 0.40478515625 0.71728515625 0.50732421875 0.71728515625 0.50732421875 0.8377278645833334 0.40478515625 0.8377278645833334
0 0.4861653645833333 0.73193359375 0.5919596354166667 0.73193359375 0.5919596354166667 0.8523763020833334 0.4861653645833333 0.8523763020833334
0 0.5740559895833333 0.7596028645833334 0.6863606770833333 0.7596028645833334 0.6863606770833333 0.8800455729166666 0.5740559895833333 0.8800455729166666
0 0.6765950520833333 0.7677408854166666 0.7644856770833333 0.7677408854166666 0.7644856770833333 0.88818359375 0.6765950520833333 0.88818359375
0 0.7530924479166667 0.7970377604166666 0.8474934895833333 0.7970377604166666 0.8474934895833333 0.9207356770833334 0.7530924479166667 0.9207356770833334
0 0.8361002604166667 0.8165690104166666 0.9679361979166667 0.8165690104166666 0.9679361979166667 0.9646809895833334 0.8361002604166667 0.9646809895833334
0 0.54150390625 0.9158528645833334 0.63427734375 0.9158528645833334 0.63427734375 0.99560546875 0.54150390625 0.99560546875
0 0.9207356770833333 0.8963216145833334 0.998046875 0.8963216145833334 0.998046875 0.9921874999999999 0.9207356770833333 0.9921874999999999
0 0.4454752604166667 0.8849283854166666 0.5349934895833333 0.8849283854166666 0.5349934895833333 0.99560546875 0.4454752604166667 0.99560546875
0 0.36572265625 0.8914388020833334 0.4471028645833333 0.8914388020833334 0.4471028645833333 0.9874674479166666 0.36572265625 0.9874674479166666
0 0.2664388020833333 0.86865234375 0.36083984375 0.86865234375 0.36083984375 0.9728190104166666 0.2664388020833333 0.9728190104166666
0 0.18668619791666669 0.8458658854166666 0.27294921875 0.8458658854166666 0.27294921875 0.94677734375 0.18668619791666669 0.94677734375
0 0.09554036458333331 0.8328450520833334 0.18668619791666669 0.8328450520833334 0.18668619791666669 0.9353841145833334 0.09554036458333331 0.9353841145833334
0 0.009277343749999986 0.81005859375 0.09879557291666666 0.81005859375 0.09879557291666666 0.9207356770833334 0.009277343749999986 0.9207356770833334
