0 0.0 0.0011393229166666479 0.14925130208333331 0.0011393229166666479 0.14925130208333331 0.11829357078853044 0.0 0.11829357078853044
0 0.036946614583333315 0.07926432291666664 0.14274088541666666 0.07926432291666664 0.14274088541666666 0.18180338541666666 0.036946614583333315 0.18180338541666666
0 0.10530598958333331 0.13134765625 0.21110026041666669 0.13134765625 0.21110026041666669 0.23225911458333334 0.10530598958333331 0.23225911458333334
0 0.13134765625 0.16389973958333334 0.2892252604166667 0.16389973958333334 0.2892252604166667 0.31363932291666663 0.13134765625 0.31363932291666663
0 0.19807942708333331 0.25016276041666663 0.33154296875 0.25016276041666663 0.33154296875 0.37548828125 0.19807942708333331 0.37548828125
0 0.2762044270833333 0.3299153645833333 0.4226888020833333 0.3299153645833333 0.4226888020833333 0.43896484375 0.2762044270833333 0.43896484375
0 0.34130859375 0.41455078125 0.42919921875000006 0.41455078125 0.42919921875000006 0.4959309895833333 0.34130859375 0.4959309895833333
0 0.37548828125 0.45361328125 0.5008138020833333 0.45361328125 0.5008138020833333 0.57568359375 0.37548828125 0.57568359375
0 0.4373372395833333 0.5349934895833334 0.5577799479166667 0.5349934895833334 0.5577799479166667 0.64892578125 0.4373372395833333 0.64892578125
0 0.50244140625 0.5838216145833334 0.6261393229166667 0.5838216145833334 0.6261393229166667 0.7058919270833334 0.50244140625 0.7058919270833334
0 0.5740559895833333 0.6652018229166666 0.6603190104166667 0.6652018229166666 0.6603190104166667 0.7547200520833334 0.5740559895833333 0.7547200520833334
1 0.6066080729166667 0.6847330729166666 0.8263346354166667 0.6847330729166666 0.8263346354166667 0.9044596354166666 0.6066080729166667 0.9044596354166666
0 0.8035481770833333 0.6359049479166666 0.94189453125 0.6359049479166666 0.94189453125 0.78076171875 0.8035481770833333 0.78076171875
0 0.002766927083333315 0.30875651041666663 0.11995442708333331 0.30875651041666663 0.11995442708333331 0.4910481770833333 0.002766927083333315 0.4910481770833333
0 0.05485026041666666 0.4226888020833333 0.18505859375 0.4226888020833333 0.18505859375 0.5301106770833334 0.05485026041666666 0.5301106770833334
0 0.11669921875 0.4861653645833333 0.24690755208333331 0.4861653645833333 0.24690755208333331 0.61962890625 0.11669921875 0.61962890625
0 0.23551432291666669 0.6131184895833334 0.34619140625 0.6131184895833334 0.34619140625 0.7140299479166666 0.23551432291666669 0.7140299479166666
0 0.2989908854166667 0.6668294270833334 0.4080403645833333 0.6668294270833334 0.4080403645833333 0.7644856770833334 0.2989908854166667 0.7644856770833334
0 0.3624674479166667 0.7351888020833334 0.4861653645833333 0.7351888020833334 0.4861653645833333 0.8426106770833334 0.3624674479166667 0.8426106770833334
0 0.3966471354166667 0.8019205729166666 0.5154622395833333 0.8019205729166666 0.5154622395833333 0.9239908854166666 0.3966471354166667 0.9239908854166666
0 0.002766927083333315 0.5773111979166666 0.09228515625 0.5773111979166666 0.09228515625 0.7156575520833334 0.002766927083333315 0.7156575520833334
0 0.010904947916666657 0.6619466145833334 0.12320963541666666 0.6619466145833334 0.12320963541666666 0.7693684895833334 0.010904947916666657 0.7693684895833334
0 0.07275390625 0.71728515625 0.17203776041666669 0.71728515625 0.17203776041666669 0.8312174479166666 0.07275390625 0.8312174479166666
0 0.11995442708333331 0.7742513020833334 0.26806640625 0.7742513020833334 0.26806640625 0.8995768229166666 0.11995442708333331 0.8995768229166666
0 0.17692057291666669 0.8084309895833334 0.34130859375 0.8084309895833334 0.34130859375 0.9695638020833334 0.17692057291666669 0.9695638020833334
0 0.23225911458333331 0.9060872395833334 0.3624674479166667 0.9060872395833334 0.3624674479166667 0.9972330729166666 0.23225911458333331 0.9972330729166666
0 0.9060872395833333 0.3787434895833333 0.998046875 0.3787434895833333 0.998046875 0.4884497213084796 0.9060872395833333 0.4884497213084796
0 0.84423828125 0.43896484375 0.9597981770833333 0.43896484375 0.9597981770833333 0.55126953125 0.84423828125 0.55126953125
0 0.7286783854166667 0.5008138020833334 0.8458658854166667 0.5008138020833334 0.8458658854166667 0.6180013020833334 0.7286783854166667 0.6180013020833334
0 0.6424153645833333 0.43408203125 0.7579752604166667 0.43408203125 0.7579752604166667 0.53662109375 0.6424153645833333 0.53662109375
0 0.61962890625 0.34130859375 0.7189127604166667 0.34130859375 0.7189127604166667 0.43082682291666663 0.61962890625 0.43082682291666663
0 0.5642903645833333 0.28922526041666663 0.6521809895833333 0.28922526041666663 0.6521809895833333 0.3787434895833333 0.5642903645833333 0.3787434895833333
0 0.5008138020833333 0.20784505208333334 0.60986328125 0.20784505208333334 0.60986328125 0.31363932291666663 0.5008138020833333 0.31363932291666663
0 0.39501953125 0.14599609375 0.5382486979166667 0.14599609375 0.5382486979166667 0.29736328125 0.39501953125 0.29736328125
0 0.4031575520833333 0.08740234374999999 0.4959309895833333 0.08740234374999999 0.4959309895833333 0.17692057291666666 0.4031575520833333 0.17692057291666666
0 0.24690755208333331 0.002766927083333315 0.42431640625000006 0.002766927083333315 0.42431640625000006 0.16227213541666666 0.24690755208333331 0.16227213541666666
0 0.5821940104166667 0.004394531249999982 0.7303059895833333 0.004394531249999982 0.7303059895833333 0.09879557291666664 0.5821940104166667 0.09879557291666664
0 0.6261393229166667 0.03694661458333332 0.7596028645833333 0.03694661458333332 0.7596028645833333 0.16878255208333334 0.6261393229166667 0.16878255208333334
0 0.69287109375 0.11669921874999999 0.7970377604166667 0.11669921874999999 0.7970377604166667 0.22086588541666666 0.69287109375 0.22086588541666666
0 0.7498372395833333 0.17366536458333334 0.9597981770833333 0.17366536458333334 0.9597981770833333 0.31363932291666663 0.7498372395833333 0.31363932291666663
0 0.90283203125 0.10693359374999999 0.998046875 0.10693359374999999 0.998046875 0.21090382543103448 0.90283203125 0.21090382543103448
