1 0.44873046875000006 0.11344401041666664 0.6961263020833333 0.11344401041666664 0.6961263020833333 0.25341796875 0.44873046875000006 0.25341796875
1 0.2989908854166667 0.14436848958333334 0.44384765625000006 0.14436848958333334 0.44384765625000006 0.41943359375 0.2989908854166667 0.41943359375
1 0.41943359375000006 0.19482421875 0.75146484375 0.19482421875 0.75146484375 0.3689778645833333 0.41943359375000006 0.3689778645833333
1 0.64892578125 0.4324544270833333 0.8116861979166667 0.4324544270833333 0.8116861979166667 0.72216796875 0.64892578125 0.72216796875
1 0.23388671875 0.4373372395833333 0.6375325520833333 0.4373372395833333 0.6375325520833333 0.63427734375 0.23388671875 0.63427734375
0 0.04996744791666666 0.6717122395833334 0.24527994791666669 0.6717122395833334 0.24527994791666669 0.8898111979166666 0.04996744791666666 0.8898111979166666
0 0.23876953125 0.7498372395833334 0.3396809895833333 0.7498372395833334 0.3396809895833333 0.8653971354166666 0.23876953125 0.8653971354166666
0 0.3021834935897436 0.7662593482905983 0.43573050213675213 0.7662593482905983 0.43573050213675213 0.9215077457264957 0.3021834935897436 0.9215077457264957
0 0.3990050747863248 0.8046541132478633 0.5542534722222222 0.8046541132478633 0.5542534722222222 0.9398704594017094 0.3990050747863248 0.9398704594017094
0 0.5626001602564102 0.8564035790598291 0.6494057158119658 0.8564035790598291 0.6494057158119658 0.9832732371794872 0.5626001602564102 0.9832732371794872
0 0.6460670405982907 0.8998063568376069 0.7599012918023335 0.8998063568376069 0.7599012918023335 0.998046875 0.6460670405982907 0.998046875
0 0.4574318910256411 0.9315237713675214 0.5536780835151847 0.9315237713675214 0.5536780835151847 0.998046875 0.4574318910256411 0.998046875
0 0.3706263354700855 0.9265157585470085 0.46441157704178543 0.9265157585470085 0.46441157704178543 0.998046875 0.3706263354700855 0.998046875
0 0.29216746794871795 0.9265157585470085 0.3717964466416706 0.9265157585470085 0.3717964466416706 0.998046875 0.29216746794871795 0.998046875
