0 0.017415364583333315 0.7498372395833334 0.13785807291666666 0.7498372395833334 0.13785807291666666 0.8719075520833334 0.017415364583333315 0.8719075520833334
0 0.09879557291666666 0.8084309895833334 0.20784505208333331 0.8084309895833334 0.20784505208333331 0.9142252604166666 0.09879557291666666 0.9142252604166666
0 0.13623046875 0.85888671875 0.2566731770833333 0.85888671875 0.2566731770833333 0.97119140625 0.13623046875 0.97119140625
0 0.002766927083333315 0.8963216145833334 0.10926055908203101 0.8963216145833334 0.10926055908203101 0.998046875 0.002766927083333315 0.998046875
0 0.18505859375 0.93212890625 0.3136790205792682 0.93212890625 0.3136790205792682 0.998046875 0.18505859375 0.998046875
0 0.15576171875 0.5577799479166666 0.2713216145833333 0.5577799479166666 0.2713216145833333 0.6749674479166666 0.15576171875 0.6749674479166666
0 0.20621744791666669 0.6228841145833334 0.32177734375 0.6228841145833334 0.32177734375 0.75146484375 0.20621744791666669 0.75146484375
0 0.2892252604166667 0.6717122395833334 0.4178059895833333 0.6717122395833334 0.4178059895833333 0.7970377604166666 0.2892252604166667 0.7970377604166666
0 0.32177734375 0.75146484375 0.4357096354166667 0.75146484375 0.4357096354166667 0.86376953125 0.32177734375 0.86376953125
0 0.3917643229166667 0.8084309895833334 0.51220703125 0.8084309895833334 0.51220703125 0.94189453125 0.3917643229166667 0.94189453125
0 0.032063802083333315 0.12158203124999999 0.18994140625 0.12158203124999999 0.18994140625 0.26806640625 0.032063802083333315 0.26806640625
0 0.10693359375 0.07438151041666664 0.22086588541666669 0.07438151041666664 0.22086588541666669 0.19482421875 0.10693359375 0.19482421875
0 0.21761067708333331 0.31689453125 0.30224609375 0.31689453125 0.30224609375 0.40152994791666663 0.21761067708333331 0.40152994791666663
0 0.19156901041666669 0.14111328125 0.3396809895833333 0.14111328125 0.3396809895833333 0.27783203125 0.19156901041666669 0.27783203125
0 0.35107421875 0.07438151041666664 0.52197265625 0.07438151041666664 0.52197265625 0.27945963541666663 0.35107421875 0.27945963541666663
0 0.34130859375 0.5528971354166666 0.4650065104166667 0.5528971354166666 0.4650065104166667 0.6847330729166666 0.34130859375 0.6847330729166666
0 0.3836263020833333 0.46337890625 0.5105794270833333 0.46337890625 0.5105794270833333 0.5984700520833334 0.3836263020833333 0.5984700520833334
0 0.4845377604166667 0.56103515625 0.59521484375 0.56103515625 0.59521484375 0.69287109375 0.4845377604166667 0.69287109375
0 0.49267578125000006 0.5919596354166666 0.65380859375 0.5919596354166666 0.65380859375 0.82958984375 0.49267578125000006 0.82958984375
0 0.62451171875 0.65869140625 0.7254231770833333 0.65869140625 0.7254231770833333 0.7628580729166666 0.62451171875 0.7628580729166666
0 0.6765950520833333 0.67333984375 0.80517578125 0.67333984375 0.80517578125 0.8165690104166666 0.6765950520833333 0.8165690104166666
0 0.7628580729166667 0.7286783854166666 0.87353515625 0.7286783854166666 0.87353515625 0.84912109375 0.7628580729166667 0.84912109375
0 0.7254231770833333 0.8605143229166666 0.8898111979166667 0.8605143229166666 0.8898111979166667 0.9939778645833334 0.7254231770833333 0.9939778645833334
0 0.81982421875 0.7579752604166666 0.9500325520833333 0.7579752604166666 0.9500325520833333 0.9142252604166666 0.81982421875 0.9142252604166666
0 0.8946940104166667 0.8800455729166666 0.9744466145833333 0.8800455729166666 0.9744466145833333 0.9630533854166666 0.8946940104166667 0.9630533854166666
0 0.94189453125 0.82958984375 0.9972330729166667 0.82958984375 0.9972330729166667 0.8995768229166666 0.94189453125 0.8995768229166666
0 0.4943033854166667 0.27294921875 0.6521809895833333 0.27294921875 0.6521809895833333 0.4422200520833333 0.4943033854166667 0.4422200520833333
0 0.58544921875 0.36572265625 0.6912434895833333 0.36572265625 0.6912434895833333 0.46826171875 0.58544921875 0.46826171875
0 0.65869140625 0.4031575520833333 0.7823893229166667 0.4031575520833333 0.7823893229166667 0.5154622395833334 0.65869140625 0.5154622395833334
0 0.71728515625 0.46500651041666663 0.8279622395833333 0.46500651041666663 0.8279622395833333 0.57080078125 0.71728515625 0.57080078125
0 0.7970377604166667 0.51220703125 0.8946940104166667 0.51220703125 0.8946940104166667 0.6066080729166666 0.7970377604166667 0.6066080729166666
0 0.86376953125 0.48942057291666663 0.9825846354166667 0.48942057291666663 0.9825846354166667 0.64404296875 0.86376953125 0.64404296875
0 0.6424153645833333 0.14274088541666666 0.76611328125 0.14274088541666666 0.76611328125 0.2615559895833333 0.6424153645833333 0.2615559895833333
0 0.6961263020833333 0.20458984375 0.8116861979166667 0.20458984375 0.8116861979166667 0.3201497395833333 0.6961263020833333 0.3201497395833333
0 0.7888997395833333 0.24527994791666666 0.8963216145833333 0.24527994791666666 0.8963216145833333 0.37223307291666663 0.7888997395833333 0.37223307291666663
0 0.76123046875 0.002766927083333315 0.8605143229166667 0.002766927083333315 0.8605143229166667 0.07763671874999999 0.76123046875 0.07763671874999999
0 0.8230794270833333 0.03206380208333332 0.9191080729166667 0.03206380208333332 0.9191080729166667 0.12320963541666664 0.8230794270833333 0.12320963541666664
0 0.8963216145833333 0.048339843749999986 0.998046875 0.048339843749999986 0.998046875 0.17476981026785715 0.8963216145833333 0.17476981026785715
0 0.8556315104166667 0.2957356770833333 0.9500325520833333 0.2957356770833333 0.9500325520833333 0.41129557291666663 0.8556315104166667 0.41129557291666663
0 0.9256184895833333 0.3494466145833333 0.998046875 0.3494466145833333 0.998046875 0.4595377604166666 0.9256184895833333 0.4595377604166666
