0 0.12809244791666666 0.3494466145833333 0.3103841145833333 0.3494466145833333 0.3103841145833333 0.5008138020833334 0.12809244791666666 0.5008138020833334
0 0.13297526041666666 0.52197265625 0.25830078125 0.52197265625 0.25830078125 0.6310221354166666 0.13297526041666666 0.6310221354166666
0 0.033691406249999986 0.8458658854166666 0.22737630208333331 0.8458658854166666 0.22737630208333331 0.99560546875 0.033691406249999986 0.99560546875
0 0.3885091145833333 0.39664713541666663 0.5236002604166667 0.39664713541666663 0.5236002604166667 0.52685546875 0.3885091145833333 0.52685546875
0 0.5333658854166667 0.4763997395833333 0.6326497395833333 0.4763997395833333 0.6326497395833333 0.6472981770833334 0.5333658854166667 0.6472981770833334
0 0.7254231770833333 0.40478515625 0.8181966145833333 0.40478515625 0.8181966145833333 0.55615234375 0.7254231770833333 0.55615234375
0 0.8995768229166667 0.40641276041666663 0.9777018229166667 0.40641276041666663 0.9777018229166667 0.5447591145833334 0.8995768229166667 0.5447591145833334
0 0.9044596354166667 0.23388671875 0.998046875 0.23388671875 0.998046875 0.3528535487288136 0.9044596354166667 0.3528535487288136
0 0.77587890625 0.21761067708333334 0.89306640625 0.21761067708333334 0.89306640625 0.35270182291666663 0.77587890625 0.35270182291666663
0 0.6456705729166667 0.10693359374999999 0.7482096354166667 0.10693359374999999 0.7482096354166667 0.2664388020833333 0.6456705729166667 0.2664388020833333
