undamagedresidentialbuilding 0.9067413806915283 27.088911056518555 378.3999938964844 66.58659362792969 434.5429992675781
undamagedresidentialbuilding 0.859582781791687 79.20809936523438 366.57244873046875 123.34967041015625 420.02471923828125
undamagedresidentialbuilding 0.7896196246147156 174.90435791015625 312.7903137207031 209.9212646484375 372.9877014160156
undamagedresidentialbuilding 0.7893417477607727 140.79531860351562 261.73919677734375 202.69436645507812 298.46685791015625
undamagedresidentialbuilding 0.7029114365577698 363.84149169921875 289.4387512207031 410.75823974609375 367.8651428222656
undamagedresidentialbuilding 0.6981152892112732 94.54299926757812 11.960052490234375 133.0241241455078 64.22378540039062
undamagedresidentialbuilding 0.6903985142707825 45.32819366455078 129.77261352539062 82.3565444946289 170.86264038085938
undamagedresidentialbuilding 0.6855867505073547 129.21026611328125 207.529052734375 195.03656005859375 258.8227844238281
undamagedresidentialbuilding 0.6821432709693909 227.12564086914062 304.521484375 269.92987060546875 348.8499755859375
undamagedresidentialbuilding 0.6564269065856934 0.2950878143310547 331.4096374511719 18.8739013671875 378.0174865722656
undamagedresidentialbuilding 0.6311508417129517 134.7314453125 343.606689453125 162.04168701171875 395.27349853515625
undamagedresidentialbuilding 0.6054906249046326 170.05795288085938 94.10089111328125 212.67938232421875 124.35748291015625
undamagedresidentialbuilding 0.5580363869667053 420.03546142578125 76.13896179199219 486.7730712890625 124.56898498535156
undamagedresidentialbuilding 0.5400508642196655 149.55264282226562 0.0 190.892822265625 32.6929931640625
undamagedresidentialbuilding 0.5153475999832153 417.2442626953125 170.8212890625 456.524658203125 216.59881591796875
undamagedcommercialbuilding 0.5019845962524414 238.86328125 0.4403839111328125 306.38702392578125 75.24364471435547
undamagedresidentialbuilding 0.4875345826148987 225.71124267578125 80.12329864501953 258.86505126953125 116.04825592041016
undamagedresidentialbuilding 0.45165354013442993 0.15752029418945312 61.435546875 20.312484741210938 111.39535522460938
undamagedresidentialbuilding 0.387562096118927 248.5251007080078 3.2360973358154297 299.79522705078125 64.93386840820312
undamagedresidentialbuilding 0.3376676142215729 0.3378944396972656 278.1231689453125 16.721799850463867 322.65087890625
undamagedresidentialbuilding 0.3085774779319763 0.055561065673828125 427.34136962890625 28.917030334472656 471.96685791015625
damagedresidentialbuilding 0.2991916239261627 216.38449096679688 271.56207275390625 282.46368408203125 358.40570068359375
undamagedcommercialbuilding 0.276106595993042 344.52508544921875 64.1304931640625 403.94439697265625 154.4302215576172
damagedresidentialbuilding 0.2751504182815552 121.08495330810547 202.35586547851562 205.17242431640625 262.7605285644531
