0 0.3347981770833333 0.59033203125 0.4454752604166667 0.59033203125 0.4454752604166667 0.7091471354166666 0.3347981770833333 0.7091471354166666
0 0.4210611979166667 0.6277669270833334 0.5154622395833333 0.6277669270833334 0.5154622395833333 0.74658203125 0.4210611979166667 0.74658203125
0 0.4715169270833333 0.66357421875 0.59033203125 0.66357421875 0.59033203125 0.8068033854166666 0.4715169270833333 0.8068033854166666
0 0.5675455729166667 0.7156575520833334 0.6652018229166667 0.7156575520833334 0.6652018229166667 0.8361002604166666 0.5675455729166667 0.8361002604166666
0 0.6131184895833333 0.7791341145833334 0.7335611979166667 0.7791341145833334 0.7335611979166667 0.8963216145833334 0.6131184895833333 0.8963216145833334
0 0.79052734375 0.88330078125 0.9239908854166667 0.88330078125 0.9239908854166667 0.99072265625 0.79052734375 0.99072265625
0 0.5154622395833333 0.8767903645833334 0.63916015625 0.8767903645833334 0.63916015625 0.9777018229166666 0.5154622395833333 0.9777018229166666
0 0.32666015625 0.76123046875 0.4373372395833333 0.76123046875 0.4373372395833333 0.85400390625 0.32666015625 0.85400390625
0 0.3836263020833333 0.7888997395833334 0.5284830729166667 0.7888997395833334 0.5284830729166667 0.9288736979166666 0.3836263020833333 0.9288736979166666
0 0.26318359375 0.8084309895833334 0.4064127604166667 0.8084309895833334 0.4064127604166667 0.94677734375 0.26318359375 0.94677734375
0 0.21923828125 0.88818359375 0.34183933423913015 0.88818359375 0.34183933423913015 0.998046875 0.21923828125 0.998046875
