0 0.3575846354166667 0.004394531249999982 0.4845377604166667 0.004394531249999982 0.4845377604166667 0.11181640624999999 0.3575846354166667 0.11181640624999999
0 0.4161783854166667 0.058105468749999986 0.5382486979166667 0.058105468749999986 0.5382486979166667 0.16715494791666666 0.4161783854166667 0.16715494791666666
0 0.4812825520833333 0.07926432291666664 0.63916015625 0.07926432291666664 0.63916015625 0.24853515625000003 0.4812825520833333 0.24853515625000003
0 0.5594075520833333 0.14436848958333334 0.7042643229166667 0.14436848958333334 0.7042643229166667 0.3055013020833333 0.5594075520833333 0.3055013020833333
0 0.6424153645833333 0.21110026041666666 0.7644856770833333 0.21110026041666666 0.7644856770833333 0.36735026041666663 0.6424153645833333 0.36735026041666663
0 0.71728515625 0.2615559895833333 0.84423828125 0.2615559895833333 0.84423828125 0.40478515625 0.71728515625 0.40478515625
0 0.79541015625 0.30875651041666663 0.9142252604166667 0.30875651041666663 0.9142252604166667 0.4519856770833333 0.79541015625 0.4519856770833333
0 0.88330078125 0.3445638020833333 0.9923502604166667 0.3445638020833333 0.9923502604166667 0.5008138020833334 0.88330078125 0.5008138020833334
0 0.90283203125 0.15576171875 0.9972330729166667 0.15576171875 0.9972330729166667 0.34130859375 0.90283203125 0.34130859375
0 0.80517578125 0.13785807291666666 0.9500325520833333 0.13785807291666666 0.9500325520833333 0.27945963541666663 0.80517578125 0.27945963541666663
0 0.7482096354166667 0.09065755208333331 0.8653971354166667 0.09065755208333331 0.8653971354166667 0.19807942708333334 0.7482096354166667 0.19807942708333334
0 0.6554361979166667 0.025553385416666647 0.7888997395833333 0.025553385416666647 0.7888997395833333 0.16552734375 0.6554361979166667 0.16552734375
0 0.5447591145833333 0.0011393229166666479 0.7189127604166667 0.0011393229166666479 0.7189127604166667 0.09228515624999999 0.5447591145833333 0.09228515624999999
0 0.07926432291666666 0.007649739583333316 0.20296223958333331 0.007649739583333316 0.20296223958333331 0.10693359374999999 0.07926432291666666 0.10693359374999999
0 0.10693359375 0.058105468749999986 0.2696940104166667 0.058105468749999986 0.2696940104166667 0.19970703125 0.10693359375 0.19970703125
0 0.15413411458333331 0.13460286458333334 0.32177734375 0.13460286458333334 0.32177734375 0.28922526041666663 0.15413411458333331 0.28922526041666663
0 0.2696940104166667 0.21598307291666666 0.3885091145833333 0.21598307291666666 0.3885091145833333 0.34619140625 0.2696940104166667 0.34619140625
0 0.3185221354166667 0.2566731770833333 0.4601236979166667 0.2566731770833333 0.4601236979166667 0.4275716145833333 0.3185221354166667 0.4275716145833333
0 0.3885091145833333 0.32340494791666663 0.54638671875 0.32340494791666663 0.54638671875 0.49918619791666663 0.3885091145833333 0.49918619791666663
0 0.4698893229166667 0.39990234375 0.6082356770833333 0.39990234375 0.6082356770833333 0.55615234375 0.4698893229166667 0.55615234375
0 0.5382486979166667 0.44873046875 0.6863606770833333 0.44873046875 0.6863606770833333 0.61474609375 0.5382486979166667 0.61474609375
0 0.64404296875 0.5056966145833334 0.77099609375 0.5056966145833334 0.77099609375 0.6424153645833334 0.64404296875 0.6424153645833334
0 0.71240234375 0.5431315104166666 0.8621419270833333 0.5431315104166666 0.8621419270833333 0.7091471354166666 0.71240234375 0.7091471354166666
0 0.8165690104166667 0.5870768229166666 0.9451497395833333 0.5870768229166666 0.9451497395833333 0.7384440104166666 0.8165690104166667 0.7384440104166666
0 0.92236328125 0.60009765625 0.99560546875 0.60009765625 0.99560546875 0.74658203125 0.92236328125 0.74658203125
0 0.8800455729166667 0.80029296875 0.9923502604166667 0.80029296875 0.9923502604166667 0.9109700520833334 0.8800455729166667 0.9109700520833334
0 0.7970377604166667 0.7726236979166666 0.8946940104166667 0.7726236979166666 0.8946940104166667 0.8767903645833334 0.7970377604166667 0.8767903645833334
0 0.7042643229166667 0.7058919270833334 0.8263346354166667 0.7058919270833334 0.8263346354166667 0.8474934895833334 0.7042643229166667 0.8474934895833334
0 0.61962890625 0.6993815104166666 0.7286783854166667 0.6993815104166666 0.7286783854166667 0.8084309895833334 0.61962890625 0.8084309895833334
0 0.5301106770833333 0.65380859375 0.6505533854166667 0.65380859375 0.6505533854166667 0.7775065104166666 0.5301106770833333 0.7775065104166666
0 0.4617513020833333 0.57568359375 0.5919596354166667 0.57568359375 0.5919596354166667 0.7254231770833334 0.4617513020833333 0.7254231770833334
0 0.3738606770833333 0.54150390625 0.51708984375 0.54150390625 0.51708984375 0.6717122395833334 0.3738606770833333 0.6717122395833334
0 0.3038736979166667 0.4861653645833333 0.42431640625000006 0.4861653645833333 0.42431640625000006 0.6180013020833334 0.3038736979166667 0.6180013020833334
0 0.22574869791666669 0.41129557291666663 0.38037109375 0.41129557291666663 0.38037109375 0.5675455729166666 0.22574869791666669 0.5675455729166666
0 0.14762369791666666 0.33642578125 0.2843424479166667 0.33642578125 0.2843424479166667 0.48779296875 0.14762369791666666 0.48779296875
0 0.09716796875 0.28759765625 0.21110026041666669 0.28759765625 0.21110026041666669 0.41943359375 0.09716796875 0.41943359375
0 0.032063802083333315 0.21923828125 0.17529296875 0.21923828125 0.17529296875 0.35758463541666663 0.032063802083333315 0.35758463541666663
0 0.004394531249999986 0.16552734375 0.09879557291666666 0.16552734375 0.09879557291666666 0.27783203125 0.004394531249999986 0.27783203125
0 0.002766927083333315 0.09065755208333331 0.04996744791666666 0.09065755208333331 0.04996744791666666 0.18180338541666666 0.002766927083333315 0.18180338541666666
0 0.004394531249999986 0.5056966145833334 0.12320963541666666 0.5056966145833334 0.12320963541666666 0.6896158854166666 0.004394531249999986 0.6896158854166666
0 0.12809244791666666 0.65869140625 0.27294921875 0.65869140625 0.27294921875 0.8019205729166666 0.12809244791666666 0.8019205729166666
0 0.21923828125 0.71240234375 0.3445638020833333 0.71240234375 0.3445638020833333 0.8426106770833334 0.21923828125 0.8426106770833334
0 0.3038736979166667 0.7628580729166666 0.42431640625000006 0.7628580729166666 0.42431640625000006 0.88818359375 0.3038736979166667 0.88818359375
0 0.3738606770833333 0.81494140625 0.5040690104166667 0.81494140625 0.5040690104166667 0.9581705729166666 0.3738606770833333 0.9581705729166666
0 0.4405924479166667 0.85400390625 0.5838216145833333 0.85400390625 0.5838216145833333 0.9972330729166666 0.4405924479166667 0.9972330729166666
0 0.5528971354166667 0.9060872395833334 0.6670539242097699 0.9060872395833334 0.6670539242097699 0.998046875 0.5528971354166667 0.998046875
0 0.64404296875 0.9402669270833334 0.7498372395833333 0.9402669270833334 0.7498372395833333 0.99560546875 0.64404296875 0.99560546875
0 0.2550455729166667 0.91259765625 0.3868815104166667 0.91259765625 0.3868815104166667 0.99560546875 0.2550455729166667 0.99560546875
0 0.18017578125 0.8751627604166666 0.2892252604166667 0.8751627604166666 0.2892252604166667 0.99560546875 0.18017578125 0.99560546875
0 0.09391276041666666 0.8263346354166666 0.22737630208333331 0.8263346354166666 0.22737630208333331 0.9679361979166666 0.09391276041666666 0.9679361979166666
0 0.03531901041666666 0.7791341145833334 0.16227213541666666 0.7791341145833334 0.16227213541666666 0.9109700520833334 0.03531901041666666 0.9109700520833334
