0 0.7648305084745763 0.012270480225988705 0.8630384887005649 0.012270480225988705 0.8630384887005649 0.11599576271186442 0.7648305084745763 0.11599576271186442
0 0.7129678672316384 0.1104784604519774 0.8144862288135593 0.1104784604519774 0.8144862288135593 0.2219279661016949 0.7129678672316384 0.2219279661016949
0 0.6555879237288136 0.2142037429378531 0.7637270480225988 0.2142037429378531 0.7637270480225988 0.3091013418079096 0.6555879237288136 0.3091013418079096
0 0.6004149011299434 0.2704802259887006 0.6522775423728814 0.2704802259887006 0.6522775423728814 0.3620674435028249 0.6004149011299434 0.3620674435028249
0 0.6555879237288136 0.3135151836158192 0.7184851694915255 0.3135151836158192 0.7184851694915255 0.3719985875706215 0.6555879237288136 0.3719985875706215
0 0.5143449858757062 0.3411016949152542 0.6004149011299434 0.3411016949152542 0.6004149011299434 0.4006885593220339 0.5143449858757062 0.4006885593220339
0 0.6004149011299434 0.3686882062146893 0.6522775423728814 0.3686882062146893 0.6522775423728814 0.4271716101694915 0.6004149011299434 0.4271716101694915
0 0.5198622881355932 0.4073093220338983 0.5904837570621468 0.4073093220338983 0.5904837570621468 0.4569650423728814 0.5198622881355932 0.4569650423728814
0 0.38192973163841804 0.4459304378531073 0.5209657485875706 0.4459304378531073 0.5209657485875706 0.5375176553672316 0.38192973163841804 0.5375176553672316
0 0.41834392655367236 0.5408280367231638 0.5518626412429378 0.5408280367231638 0.5518626412429378 0.6235875706214689 0.41834392655367236 0.6235875706214689
0 0.577242231638418 0.4867584745762712 0.6820709745762712 0.4867584745762712 0.6820709745762712 0.5948975988700564 0.577242231638418 0.5948975988700564
0 0.6953125 0.4348958333333333 0.802348163841808 0.4348958333333333 0.802348163841808 0.5739318502824858 0.6953125 0.5739318502824858
0 0.8067620056497176 0.4404131355932203 0.9402807203389831 0.4404131355932203 0.9402807203389831 0.5617937853107344 0.8067620056497176 0.5617937853107344
0 0.8012447033898304 0.2815148305084746 0.9601430084745763 0.2815148305084746 0.9601430084745763 0.4337923728813559 0.8012447033898304 0.4337923728813559
0 0.8829007768361581 0.2164106638418079 0.9943502824858756 0.2164106638418079 0.9943502824858756 0.2848252118644068 0.8829007768361581 0.2848252118644068
0 0.9027630649717513 0.12592690677966104 0.9943502824858756 0.12592690677966104 0.9943502824858756 0.2142037429378531 0.9027630649717513 0.2142037429378531
0 0.9248322740112995 0.050891596045197746 0.9954537429378532 0.050891596045197746 0.9954537429378532 0.12703036723163844 0.9248322740112995 0.12703036723163844
0 0.488965395480226 0.0067531779661016995 0.6257944915254238 0.0067531779661016995 0.6257944915254238 0.08840925141242939 0.488965395480226 0.08840925141242939
0 0.5264830508474576 0.08951271186440679 0.6213806497175142 0.08951271186440679 0.6213806497175142 0.12813382768361584 0.5264830508474576 0.12813382768361584
0 0.4691031073446328 0.13254766949152544 0.5948975988700564 0.13254766949152544 0.5948975988700564 0.2164106638418079 0.4691031073446328 0.2164106638418079
0 0.39296433615819204 0.17227224576271186 0.466896186440678 0.17227224576271186 0.466896186440678 0.2572387005649718 0.39296433615819204 0.2572387005649718
0 0.4713100282485876 0.2208245056497175 0.5342072740112994 0.2208245056497175 0.5342072740112994 0.293652895480226 0.4713100282485876 0.293652895480226
0 0.39737817796610164 0.2594456214689266 0.466896186440678 0.2594456214689266 0.466896186440678 0.3179290254237288 0.39737817796610164 0.3179290254237288
0 0.3311705508474576 0.23516949152542374 0.39517125706214684 0.23516949152542374 0.39517125706214684 0.337791313559322 0.3311705508474576 0.337791313559322
0 0.2517213983050848 0.2693767655367232 0.3311705508474576 0.2693767655367232 0.3311705508474576 0.3719985875706215 0.2517213983050848 0.3719985875706215
0 0.3344809322033898 0.3455155367231638 0.40289548022598864 0.3455155367231638 0.40289548022598864 0.3786193502824859 0.3344809322033898 0.3786193502824859
0 0.1822033898305085 0.14468573446327684 0.3124117231638418 0.14468573446327684 0.3124117231638418 0.2517213983050848 0.1822033898305085 0.2517213983050848
0 0.15792725988700568 0.2517213983050848 0.2517213983050848 0.2517213983050848 0.2517213983050848 0.3046875 0.15792725988700568 0.3046875
0 0.05751235875706212 0.109375 0.16785840395480228 0.109375 0.16785840395480228 0.23737641242937854 0.05751235875706212 0.23737641242937854
0 0.006753177966101698 0.02771892655367232 0.0950300141242938 0.02771892655367232 0.0950300141242938 0.1005473163841808 0.006753177966101698 0.1005473163841808
0 0.14137535310734461 0.0001324152542372932 0.266066384180791 0.0001324152542372932 0.266066384180791 0.03213276836158193 0.14137535310734461 0.03213276836158193
0 0.266066384180791 0.0001324152542372932 0.337791313559322 0.0001324152542372932 0.337791313559322 0.058615819209039556 0.266066384180791 0.058615819209039556
0 0.3411016949152542 0.0067531779661016995 0.4536546610169492 0.0067531779661016995 0.4536546610169492 0.07847810734463277 0.3411016949152542 0.07847810734463277
0 0.3124117231638418 0.07516772598870057 0.40510240112994345 0.07516772598870057 0.40510240112994345 0.13034074858757064 0.3124117231638418 0.13034074858757064
0 0.0023393361581920957 0.3234463276836158 0.09392655367231639 0.3234463276836158 0.09392655367231639 0.4382062146892655 0.0023393361581920957 0.4382062146892655
0 0.09282309322033899 0.3708951271186441 0.1976518361581921 0.3708951271186441 0.1976518361581921 0.4635858050847458 0.09282309322033899 0.4635858050847458
0 0.03985699152542371 0.4415165960451977 0.08951271186440679 0.4415165960451977 0.08951271186440679 0.5529661016949152 0.03985699152542371 0.5529661016949152
0 0.098340395480226 0.4713100282485876 0.1822033898305085 0.4713100282485876 0.1822033898305085 0.5419314971751412 0.098340395480226 0.5419314971751412
0 0.1866172316384181 0.466896186440678 0.277100988700565 0.466896186440678 0.277100988700565 0.560690324858757 0.1866172316384181 0.560690324858757
0 0.1877206920903955 0.566207627118644 0.3477224576271186 0.566207627118644 0.3477224576271186 0.7019332627118644 0.1877206920903955 0.7019332627118644
0 0.1182026836158192 0.6390360169491525 0.1822033898305085 0.6390360169491525 0.1822033898305085 0.7471751412429378 0.1182026836158192 0.7471751412429378
0 0.008960098870056499 0.6566913841807909 0.1060646186440678 0.6566913841807909 0.1060646186440678 0.8045550847457626 0.008960098870056499 0.8045550847457626
0 0.2693767655367232 0.811175847457627 0.40068855932203384 0.811175847457627 0.40068855932203384 0.8928319209039547 0.2693767655367232 0.8928319209039547
0 0.2980667372881356 0.8939353813559322 0.4415165960451978 0.8939353813559322 0.4415165960451978 0.9612464689265536 0.2980667372881356 0.9612464689265536
0 0.3245497881355932 0.9612464689265536 0.4713100282485876 0.9612464689265536 0.4713100282485876 0.9976606638418078 0.3245497881355932 0.9976606638418078
0 0.4691031073446328 0.7405543785310734 0.582759533898305 0.7405543785310734 0.582759533898305 0.8255208333333333 0.4691031073446328 0.8255208333333333
0 0.5893802966101694 0.700829802259887 0.6975194209039548 0.700829802259887 0.6975194209039548 0.8299346751412429 0.5893802966101694 0.8299346751412429
0 0.6964159604519774 0.6809675141242937 0.7857962570621468 0.6809675141242937 0.7857962570621468 0.8200035310734463 0.6964159604519774 0.8200035310734463
0 0.7846927966101696 0.6721398305084745 0.8663488700564972 0.6721398305084745 0.8663488700564972 0.7935204802259886 0.7846927966101696 0.7935204802259886
0 0.8663488700564972 0.6644156073446327 0.9700741525423728 0.6644156073446327 0.9700741525423728 0.7802789548022598 0.8663488700564972 0.7802789548022598
0 0.488965395480226 0.8431762005649717 0.5948975988700564 0.8431762005649717 0.5948975988700564 0.9358668785310734 0.488965395480226 0.9358668785310734
0 0.6500706214689266 0.9082803672316384 0.7548993644067796 0.9082803672316384 0.7548993644067796 0.9910399011299434 0.6500706214689266 0.9910399011299434
0 0.7681408898305084 0.8806938559322033 0.9005561440677965 0.8806938559322033 0.9005561440677965 0.9656603107344632 0.7681408898305084 0.9656603107344632
0 0.5397245762711864 0.9491084039548022 0.643039126255493 0.9491084039548022 0.643039126255493 0.998046875 0.5397245762711864 0.998046875
