0 0.00013241525423729472 0.031029307909604526 0.09171963276836159 0.031029307909604526 0.09171963276836159 0.15130649717514125 0.00013241525423729472 0.15130649717514125
0 0.0961334745762712 0.050891596045197746 0.1833068502824859 0.050891596045197746 0.1833068502824859 0.1777895480225989 0.0961334745762712 0.1777895480225989
0 0.1788930084745763 0.06523658192090397 0.2649629237288136 0.06523658192090397 0.2649629237288136 0.1954449152542373 0.1788930084745763 0.1954449152542373
0 0.2671698446327684 0.08620233050847459 0.36868820621468923 0.08620233050847459 0.36868820621468923 0.2175141242937853 0.2671698446327684 0.2175141242937853
0 0.36868820621468923 0.1060646186440678 0.4459304378531074 0.1060646186440678 0.4459304378531074 0.23958333333333334 0.36868820621468923 0.23958333333333334
0 0.44482697740113 0.13365112994350284 0.5342072740112994 0.13365112994350284 0.5342072740112994 0.255031779661017 0.44482697740113 0.255031779661017
0 0.5320003531073446 0.15020303672316385 0.6357256355932204 0.15020303672316385 0.6357256355932204 0.2782044491525424 0.5320003531073446 0.2782044491525424
0 0.6357256355932204 0.2031691384180791 0.75048552259887 0.2031691384180791 0.75048552259887 0.3388947740112994 0.6357256355932204 0.3388947740112994
0 0.6886917372881356 0.3444120762711864 0.8189000706214689 0.3444120762711864 0.8189000706214689 0.4337923728813559 0.6886917372881356 0.4337923728813559
0 0.6776571327683616 0.4382062146892655 0.8310381355932204 0.4382062146892655 0.8310381355932204 0.5342072740112994 0.6776571327683616 0.5342072740112994
0 0.6964159604519774 0.5397245762711864 0.816693149717514 0.5397245762711864 0.816693149717514 0.6401394774011299 0.6964159604519774 0.6401394774011299
0 0.5397245762711864 0.0023393361581920953 0.6257944915254238 0.0023393361581920953 0.6257944915254238 0.04427083333333334 0.5397245762711864 0.04427083333333334
0 0.6313117937853108 0.0045462570621468985 0.7593132062146892 0.0045462570621468985 0.7593132062146892 0.06744350282485877 0.6313117937853108 0.06744350282485877
0 0.7582097457627119 0.013373940677966108 0.8873146186440677 0.013373940677966108 0.8873146186440677 0.1060646186440678 0.7582097457627119 0.1060646186440678
0 0.7714512711864407 0.11268538135593222 0.9877295197740112 0.11268538135593222 0.9877295197740112 0.22413488700564974 0.7714512711864407 0.22413488700564974
0 0.9104872881355932 0.2947563559322034 0.9932468220338984 0.2947563559322034 0.9932468220338984 0.4073093220338983 0.9104872881355932 0.4073093220338983
0 0.9303495762711864 0.4150335451977401 0.9921433615819208 0.4150335451977401 0.9921433615819208 0.5143449858757062 0.9303495762711864 0.5143449858757062
0 0.9358668785310735 0.5242761299435028 0.9965572033898304 0.5242761299435028 0.9965572033898304 0.604828742937853 0.9358668785310735 0.604828742937853
0 0.9314530367231639 0.6092425847457626 0.9954537429378532 0.6092425847457626 0.9954537429378532 0.6964159604519774 0.9314530367231639 0.6964159604519774
0 0.8950388418079096 0.6953125 0.9833156779661016 0.6953125 0.9833156779661016 0.7857962570621468 0.8950388418079096 0.7857962570621468
0 0.8553142655367232 0.7913135593220338 0.9766949152542372 0.7913135593220338 0.9766949152542372 0.8928319209039547 0.8553142655367232 0.8928319209039547
0 0.8155896892655368 0.8740730932203389 0.9656603107344632 0.8740730932203389 0.9656603107344632 0.973384533898305 0.8155896892655368 0.973384533898305
0 0.772554731638418 0.9700741525423728 0.9281426553672316 0.9700741525423728 0.9281426553672316 0.9976606638418078 0.772554731638418 0.9976606638418078
0 0.008960098870056499 0.8586246468926553 0.09171963276836159 0.8586246468926553 0.09171963276836159 0.967867231638418 0.008960098870056499 0.967867231638418
0 0.098340395480226 0.8829007768361581 0.1833068502824859 0.8829007768361581 0.1833068502824859 0.9855225988700564 0.098340395480226 0.9855225988700564
0 0.1910310734463277 0.8972457627118644 0.282618290960452 0.8972457627118644 0.282618290960452 0.9965572033898304 0.1910310734463277 0.9965572033898304
0 0.288135593220339 0.9215218926553672 0.35986052259887 0.9215218926553672 0.35986052259887 0.9910399011299434 0.288135593220339 0.9910399011299434
0 0.3631709039548022 0.9446945621468926 0.4470338983050848 0.9446945621468926 0.4470338983050848 0.9943502824858756 0.3631709039548022 0.9943502824858756
0 0.0023393361581920957 0.2075829802259887 0.05089159604519772 0.2075829802259887 0.05089159604519772 0.326756709039548 0.0023393361581920957 0.326756709039548
0 0.05199505649717512 0.2031691384180791 0.136961511299435 0.2031691384180791 0.136961511299435 0.3422051553672316 0.05199505649717512 0.3422051553672316
0 0.14468573446327682 0.22413488700564974 0.22523834745762716 0.22413488700564974 0.22523834745762716 0.3708951271186441 0.14468573446327682 0.3708951271186441
0 0.23406603107344637 0.2506179378531074 0.3135151836158192 0.2506179378531074 0.3135151836158192 0.3786193502824859 0.23406603107344637 0.3786193502824859
0 0.3179290254237288 0.271583686440678 0.42827507062146897 0.271583686440678 0.42827507062146897 0.4216543079096045 0.3179290254237288 0.4216543079096045
0 0.43158545197740117 0.3565501412429379 0.560690324858757 0.3565501412429379 0.560690324858757 0.472413488700565 0.43158545197740117 0.472413488700565
0 0.466896186440678 0.4801377118644068 0.6037252824858756 0.4801377118644068 0.6037252824858756 0.5573799435028248 0.466896186440678 0.5573799435028248
0 0.483448093220339 0.5584834039548022 0.6224841101694916 0.5584834039548022 0.6224841101694916 0.6611052259887005 0.483448093220339 0.6611052259887005
0 0.4536546610169492 0.6666225282485875 0.599311440677966 0.6666225282485875 0.599311440677966 0.7791754943502824 0.4536546610169492 0.7791754943502824
0 0.42606814971751417 0.7846927966101694 0.549655720338983 0.7846927966101694 0.549655720338983 0.8553142655367231 0.42606814971751417 0.8553142655367231
0 0.6379325564971752 0.6566913841807909 0.772554731638418 0.6566913841807909 0.772554731638418 0.7648305084745762 0.6379325564971752 0.7648305084745762
0 0.612552966101695 0.7648305084745762 0.7637270480225988 0.7648305084745762 0.7637270480225988 0.8420727401129943 0.612552966101695 0.8420727401129943
0 0.5584834039548022 0.8442796610169491 0.7096574858757062 0.8442796610169491 0.7096574858757062 0.9502118644067796 0.5584834039548022 0.9502118644067796
0 0.2748940677966102 0.5297934322033898 0.39075741525423724 0.5297934322033898 0.39075741525423724 0.6335187146892655 0.2748940677966102 0.6335187146892655
0 0.16454802259887008 0.466896186440678 0.2737906073446328 0.466896186440678 0.2737906073446328 0.604828742937853 0.16454802259887008 0.604828742937853
0 0.1005473163841808 0.4470338983050848 0.16123764124293788 0.4470338983050848 0.16123764124293788 0.571724929378531 0.1005473163841808 0.571724929378531
0 0.0012358757062146952 0.4304819915254237 0.1016507768361582 0.4304819915254237 0.1016507768361582 0.577242231638418 0.0012358757062146952 0.577242231638418
0 0.0034427966101694962 0.6004149011299434 0.06192620056497178 0.6004149011299434 0.06192620056497178 0.7515889830508474 0.0034427966101694962 0.7515889830508474
0 0.23737641242937857 0.6467602401129943 0.3411016949152542 0.6467602401129943 0.3411016949152542 0.80565854519774 0.23737641242937857 0.80565854519774
0 0.14468573446327682 0.6555879237288135 0.23075564971751417 0.6555879237288135 0.23075564971751417 0.7681408898305084 0.14468573446327682 0.7681408898305084
0 0.06413312146892658 0.6478637005649717 0.14027189265536721 0.6478637005649717 0.14027189265536721 0.7648305084745762 0.06413312146892658 0.7648305084745762
