1 0.7306232344632768 0.5584834039548022 0.9932468220338984 0.5584834039548022 0.9932468220338984 0.8751765536723163 0.7306232344632768 0.8751765536723163
1 0.7471751412429379 0.8806938559322033 0.8917284604519773 0.8806938559322033 0.8917284604519773 0.9700741525423728 0.7471751412429379 0.9700741525423728
0 0.131444209039548 0.098340395480226 0.24951447740112997 0.098340395480226 0.24951447740112997 0.2131002824858757 0.131444209039548 0.2131002824858757
0 0.1126853813559322 0.22303142655367234 0.21751412429378536 0.22303142655367234 0.21751412429378536 0.2892390536723164 0.1126853813559322 0.2892390536723164
0 0.1358580508474576 0.3013771186440678 0.2627560028248588 0.3013771186440678 0.2627560028248588 0.4161370056497175 0.1358580508474576 0.4161370056497175
0 0.4900688559322034 0.3896539548022599 0.6313117937853108 0.3896539548022599 0.6313117937853108 0.5430349576271186 0.4900688559322034 0.5430349576271186
0 0.38744703389830504 0.3598605225988701 0.4878619350282486 0.3598605225988701 0.4878619350282486 0.5088276836158192 0.38744703389830504 0.5088276836158192
0 0.2583421610169492 0.3355843926553672 0.37089512711864403 0.3355843926553672 0.37089512711864403 0.4900688559322034 0.2583421610169492 0.4900688559322034
0 0.35986052259887 0.12151306497175142 0.4657927259887006 0.12151306497175142 0.4657927259887006 0.23847987288135594 0.35986052259887 0.23847987288135594
0 0.7295197740112995 0.4293785310734463 0.8365554378531073 0.4293785310734463 0.8365554378531073 0.549655720338983 0.7295197740112995 0.549655720338983
0 0.7571062853107344 0.3234463276836158 0.9049699858757063 0.3234463276836158 0.9049699858757063 0.4282750706214689 0.7571062853107344 0.4282750706214689
0 0.8520038841807909 0.021098163841807915 0.956832627118644 0.021098163841807915 0.956832627118644 0.12151306497175142 0.8520038841807909 0.12151306497175142
0 0.5849664548022598 0.03765007062146893 0.7295197740112995 0.03765007062146893 0.7295197740112995 0.1777895480225989 0.5849664548022598 0.1777895480225989
0 0.40951624293785316 0.0012358757062146944 0.5154484463276836 0.0012358757062146944 0.5154484463276836 0.11489230225988702 0.40951624293785316 0.11489230225988702
