1 0.16565148305084748 0.17006532485875706 0.3278601694915254 0.17006532485875706 0.3278601694915254 0.3444120762711864 0.16565148305084748 0.3444120762711864
1 0.14468573446327682 0.3576536016949153 0.41061970338983056 0.3576536016949153 0.41061970338983056 0.5982079802259886 0.14468573446327682 0.5982079802259886
1 0.5375176553672316 0.4988965395480226 0.6942090395480226 0.4988965395480226 0.6942090395480226 0.7571062853107344 0.5375176553672316 0.7571062853107344
1 0.004546257062146897 0.6202771892655367 0.38192973163841804 0.6202771892655367 0.38192973163841804 0.9943502824858756 0.004546257062146897 0.9943502824858756
0 0.39406779661016944 0.01778778248587571 0.522069209039548 0.01778778248587571 0.522069209039548 0.12703036723163844 0.39406779661016944 0.12703036723163844
0 0.527586511299435 0.0045462570621468985 0.6026218220338982 0.0045462570621468985 0.6026218220338982 0.1071680790960452 0.527586511299435 0.1071680790960452
0 0.6114495056497176 0.0045462570621468985 0.6765536723163842 0.0045462570621468985 0.6765536723163842 0.08951271186440679 0.6114495056497176 0.08951271186440679
0 0.6798640536723164 0.0067531779661016995 0.7537959039548023 0.0067531779661016995 0.7537959039548023 0.06634004237288137 0.6798640536723164 0.06634004237288137
0 0.4691031073446328 0.22523834745762714 0.5573799435028248 0.22523834745762714 0.5573799435028248 0.3488259180790961 0.4691031073446328 0.3488259180790961
0 0.5573799435028248 0.22854872881355934 0.6280014124293786 0.22854872881355934 0.6280014124293786 0.3399982344632768 0.5573799435028248 0.3399982344632768
0 0.6103460451977402 0.1954449152542373 0.7118644067796611 0.1954449152542373 0.7118644067796611 0.3168255649717514 0.6103460451977402 0.3168255649717514
0 0.7074505649717514 0.1788930084745763 0.8001412429378532 0.1788930084745763 0.8001412429378532 0.3124117231638418 0.7074505649717514 0.3124117231638418
0 0.78027895480226 0.15682379943502825 0.8729696327683616 0.15682379943502825 0.8729696327683616 0.2782044491525424 0.78027895480226 0.2782044491525424
0 0.868555790960452 0.13034074858757064 0.9524187853107344 0.13034074858757064 0.9524187853107344 0.2627560028248588 0.868555790960452 0.2627560028248588
0 0.7968308615819208 0.3411016949152542 0.8917284604519773 0.3411016949152542 0.8917284604519773 0.4624823446327684 0.7968308615819208 0.4624823446327684
0 0.8917284604519773 0.3091013418079096 0.9855225988700564 0.3091013418079096 0.9855225988700564 0.4635858050847458 0.8917284604519773 0.4635858050847458
1 0.9027630649717513 0.5540695621468926 0.997660663841808 0.5540695621468926 0.997660663841808 0.7151747881355932 0.9027630649717513 0.7151747881355932
0 0.6908986581920904 0.7968308615819208 0.7857962570621468 0.7968308615819208 0.7857962570621468 0.94579802259887 0.6908986581920904 0.94579802259887
0 0.7902100988700564 0.8045550847457626 0.8453831214689265 0.8045550847457626 0.8453831214689265 0.8851076977401129 0.7902100988700564 0.8851076977401129
0 0.6136564265536724 0.8177966101694915 0.6798640536723164 0.8177966101694915 0.6798640536723164 0.984419138418079 0.6136564265536724 0.984419138418079
0 0.5320003531073446 0.8244173728813559 0.6114495056497176 0.8244173728813559 0.6114495056497176 0.973384533898305 0.5320003531073446 0.973384533898305
