1 0.24399717514124297 0.056408898305084755 0.42496468926553677 0.056408898305084755 0.42496468926553677 0.2859286723163842 0.24399717514124297 0.2859286723163842
1 0.05420197740112992 0.0001324152542372932 0.15130649717514122 0.0001324152542372932 0.15130649717514122 0.11599576271186442 0.05420197740112992 0.11599576271186442
1 0.15572033898305082 0.0034427966101694967 0.38855049435028244 0.0034427966101694967 0.38855049435028244 0.051995056497175146 0.15572033898305082 0.051995056497175146
0 0.6313117937853108 0.058615819209039556 0.7582097457627119 0.058615819209039556 0.7582097457627119 0.17558262711864409 0.6313117937853108 0.17558262711864409
0 0.761520127118644 0.06082274011299436 0.8288312146892656 0.06082274011299436 0.8288312146892656 0.15572033898305085 0.761520127118644 0.15572033898305085
0 0.8255208333333333 0.021098163841807915 0.9115907485875707 0.021098163841807915 0.9115907485875707 0.15130649717514125 0.8255208333333333 0.15130649717514125
0 0.9115907485875707 0.0067531779661016995 0.9910399011299436 0.0067531779661016995 0.9910399011299436 0.12923728813559324 0.9115907485875707 0.12923728813559324
0 0.6611052259887006 0.23406603107344634 0.7902100988700564 0.23406603107344634 0.7902100988700564 0.3995850988700565 0.6611052259887006 0.3995850988700565
0 0.7968308615819208 0.2219279661016949 0.8983492231638417 0.2219279661016949 0.8983492231638417 0.3554466807909605 0.7968308615819208 0.3554466807909605
0 0.9060734463276836 0.2031691384180791 0.9954537429378532 0.2031691384180791 0.9954537429378532 0.3576536016949153 0.9060734463276836 0.3576536016949153
0 0.08620233050847459 0.3565501412429379 0.2086864406779661 0.3565501412429379 0.2086864406779661 0.5187588276836158 0.08620233050847459 0.5187588276836158
0 0.007856638418079098 0.4117231638418079 0.08840925141242939 0.4117231638418079 0.08840925141242939 0.516551906779661 0.007856638418079098 0.516551906779661
0 0.4955861581920904 0.4028954802259887 0.6202771892655368 0.4028954802259887 0.6202771892655368 0.4911723163841808 0.4955861581920904 0.4911723163841808
0 0.310204802259887 0.4437235169491525 0.466896186440678 0.4437235169491525 0.466896186440678 0.5849664548022598 0.310204802259887 0.5849664548022598
0 0.5121380649717514 0.5231726694915254 0.651174081920904 0.5231726694915254 0.651174081920904 0.6787605932203389 0.5121380649717514 0.6787605932203389
0 0.343308615819209 0.6037252824858756 0.450344279661017 0.6037252824858756 0.450344279661017 0.6975194209039548 0.343308615819209 0.6975194209039548
0 0.1325476694915254 0.5893802966101694 0.24289371468926557 0.5893802966101694 0.24289371468926557 0.7074505649717514 0.1325476694915254 0.7074505649717514
0 0.06302966101694918 0.6324152542372881 0.1303407485875706 0.6324152542372881 0.1303407485875706 0.767037429378531 0.06302966101694918 0.767037429378531
0 0.0023393361581920957 0.6456567796610169 0.06192620056497178 0.6456567796610169 0.06192620056497178 0.7604166666666666 0.0023393361581920957 0.7604166666666666
0 0.8597281073446328 0.4393096751412429 0.9932468220338984 0.4393096751412429 0.9932468220338984 0.5904837570621468 0.8597281073446328 0.5904837570621468
0 0.7251059322033899 0.4602754237288136 0.8299346751412429 0.4602754237288136 0.8299346751412429 0.5739318502824858 0.7251059322033899 0.5739318502824858
0 0.14799611581920902 0.7692443502824858 0.277100988700565 0.7692443502824858 0.277100988700565 0.9215218926553672 0.14799611581920902 0.9215218926553672
0 0.047581214689265516 0.783589336158192 0.1391684322033898 0.783589336158192 0.1391684322033898 0.9226253531073446 0.047581214689265516 0.9226253531073446
0 0.0034427966101694962 0.8211069915254237 0.042063912429378514 0.8211069915254237 0.042063912429378514 0.929246115819209 0.0034427966101694962 0.929246115819209
0 0.3642743644067796 0.7140713276836158 0.4702065677966102 0.7140713276836158 0.4702065677966102 0.8177966101694915 0.3642743644067796 0.8177966101694915
0 0.5320003531073446 0.6931055790960451 0.689795197740113 0.6931055790960451 0.689795197740113 0.8089689265536723 0.5320003531073446 0.8089689265536723
0 0.75048552259887 0.6268979519774011 0.8773834745762712 0.6268979519774011 0.8773834745762712 0.7736581920903954 0.75048552259887 0.7736581920903954
0 0.8884180790960452 0.6202771892655367 0.997660663841808 0.6202771892655367 0.997660663841808 0.7460716807909604 0.8884180790960452 0.7460716807909604
0 0.8961423022598869 0.8365554378531073 0.9888329802259888 0.8365554378531073 0.9888329802259888 0.9336599576271186 0.8961423022598869 0.9336599576271186
0 0.8078654661016949 0.8553142655367231 0.8840042372881356 0.8553142655367231 0.8840042372881356 0.9546257062146892 0.8078654661016949 0.9546257062146892
0 0.5982079802259886 0.8409692796610169 0.7162782485875707 0.8409692796610169 0.7162782485875707 0.9314530367231638 0.5982079802259886 0.9314530367231638
0 0.612552966101695 0.9391772598870056 0.7162782485875707 0.9391772598870056 0.7162782485875707 0.9932468220338982 0.612552966101695 0.9932468220338982
0 0.36979166666666663 0.8200035310734463 0.5022069209039548 0.8200035310734463 0.5022069209039548 0.9104872881355932 0.36979166666666663 0.9104872881355932
0 0.39075741525423724 0.9193149717514124 0.5364141949152542 0.9193149717514124 0.5364141949152542 0.9910399011299434 0.39075741525423724 0.9910399011299434
