0 0.8840042372881356 0.3079978813559322 0.9590395480225988 0.3079978813559322 0.9590395480225988 0.4801377118644068 0.8840042372881356 0.4801377118644068
0 0.794623940677966 0.2958598163841808 0.8696592514124293 0.2958598163841808 0.8696592514124293 0.4691031073446328 0.794623940677966 0.4691031073446328
0 0.6964159604519774 0.2616525423728814 0.7857962570621468 0.2616525423728814 0.7857962570621468 0.4326889124293785 0.6964159604519774 0.4326889124293785
0 0.6092425847457628 0.2561352401129944 0.689795197740113 0.2561352401129944 0.689795197740113 0.4404131355932203 0.6092425847457628 0.4404131355932203
0 0.5143449858757062 0.2164106638418079 0.607035663841808 0.2164106638418079 0.607035663841808 0.4106197033898305 0.5143449858757062 0.4106197033898305
0 0.42937853107344637 0.2197210451977401 0.5088276836158192 0.2197210451977401 0.5088276836158192 0.3686882062146893 0.42937853107344637 0.3686882062146893
0 0.3278601694915254 0.16344456214689265 0.42386122881355937 0.16344456214689265 0.42386122881355937 0.3488259180790961 0.3278601694915254 0.3488259180790961
0 0.23516949152542377 0.1799964689265537 0.3256532485875706 0.1799964689265537 0.3256532485875706 0.3344809322033898 0.23516949152542377 0.3344809322033898
0 0.14027189265536721 0.17116878531073446 0.23406603107344637 0.17116878531073446 0.23406603107344637 0.3278601694915254 0.14027189265536721 0.3278601694915254
0 0.026615466101694907 0.15792725988700565 0.1358580508474576 0.15792725988700565 0.1358580508474576 0.3190324858757062 0.026615466101694907 0.3190324858757062
0 0.0961334745762712 0.05420197740112995 0.16454802259887008 0.05420197740112995 0.16454802259887008 0.11489230225988702 0.0961334745762712 0.11489230225988702
0 0.17227224576271188 0.4404131355932203 0.23516949152542377 0.4404131355932203 0.23516949152542377 0.5353107344632768 0.17227224576271188 0.5353107344632768
0 0.24068679378531077 0.4635858050847458 0.3444120762711864 0.4635858050847458 0.3444120762711864 0.5849664548022598 0.24068679378531077 0.5849664548022598
0 0.3444120762711864 0.4679996468926554 0.42275776836158196 0.4679996468926554 0.42275776836158196 0.6004149011299434 0.3444120762711864 0.6004149011299434
0 0.42827507062146897 0.477930790960452 0.5077242231638418 0.477930790960452 0.5077242231638418 0.6533810028248587 0.42827507062146897 0.6533810028248587
0 0.5099311440677966 0.494482697740113 0.6026218220338982 0.494482697740113 0.6026218220338982 0.6776571327683615 0.5099311440677966 0.6776571327683615
0 0.6081391242937854 0.5121380649717514 0.6875882768361582 0.5121380649717514 0.6875882768361582 0.6809675141242937 0.6081391242937854 0.6809675141242937
0 0.6920021186440678 0.5397245762711864 0.783589336158192 0.5397245762711864 0.783589336158192 0.706347104519774 0.6920021186440678 0.706347104519774
0 0.7891066384180792 0.5628972457627118 0.8641419491525424 0.5628972457627118 0.8641419491525424 0.7019332627118644 0.7891066384180792 0.7019332627118644
0 0.8696592514124293 0.5750353107344632 0.9535222457627119 0.5750353107344632 0.9535222457627119 0.722899011299435 0.8696592514124293 0.722899011299435
0 0.9590395480225988 0.5915872175141242 0.9954537429378532 0.5915872175141242 0.9954537429378532 0.7251059322033898 0.9590395480225988 0.7251059322033898
0 0.00013241525423729472 0.4691031073446328 0.1137888418079096 0.4691031073446328 0.1137888418079096 0.6246910310734463 0.00013241525423729472 0.6246910310734463
0 0.1170992231638418 0.5871733757062146 0.2064795197740113 0.5871733757062146 0.2064795197740113 0.7251059322033898 0.1170992231638418 0.7251059322033898
0 0.21310028248587576 0.6136564265536723 0.2914459745762712 0.6136564265536723 0.2914459745762712 0.7460716807909604 0.21310028248587576 0.7460716807909604
0 0.2980667372881356 0.6390360169491525 0.37530896892655363 0.6390360169491525 0.37530896892655363 0.7692443502824858 0.2980667372881356 0.7692443502824858
0 0.37861935028248583 0.6600017655367231 0.477930790960452 0.6600017655367231 0.477930790960452 0.800141242937853 0.37861935028248583 0.800141242937853
0 0.4801377118644068 0.6809675141242937 0.5673110875706214 0.6809675141242937 0.5673110875706214 0.8100723870056497 0.4801377118644068 0.8100723870056497
0 0.5706214689265536 0.6864848163841807 0.645656779661017 0.6864848163841807 0.645656779661017 0.8398658192090395 0.5706214689265536 0.8398658192090395
0 0.6500706214689266 0.7030367231638418 0.7438647598870056 0.7030367231638418 0.7438647598870056 0.8597281073446327 0.6500706214689266 0.8597281073446327
0 0.7471751412429379 0.739450918079096 0.8111758474576272 0.739450918079096 0.8111758474576272 0.8597281073446327 0.7471751412429379 0.8597281073446327
0 0.8266242937853108 0.7626235875706214 0.9104872881355932 0.7626235875706214 0.9104872881355932 0.8829007768361581 0.8266242937853108 0.8829007768361581
0 0.9270391949152543 0.756002824858757 0.998046875 0.756002824858757 0.998046875 0.9526394774011301 0.9270391949152543 0.9526394774011301
0 0.00013241525423729472 0.6942090395480225 0.05089159604519772 0.6942090395480225 0.05089159604519772 0.8023481638418078 0.00013241525423729472 0.8023481638418078
0 0.04868467514124292 0.756002824858757 0.1126853813559322 0.756002824858757 0.1126853813559322 0.9579360875706214 0.04868467514124292 0.9579360875706214
0 0.005649717514124297 0.811175847457627 0.04868467514124292 0.811175847457627 0.04868467514124292 0.9215218926553672 0.005649717514124297 0.9215218926553672
0 0.114892302259887 0.8089689265536723 0.1932379943502825 0.8089689265536723 0.1932379943502825 0.9656603107344632 0.114892302259887 0.9656603107344632
0 0.1998587570621469 0.8266242937853107 0.2870321327683616 0.8266242937853107 0.2870321327683616 0.9811087570621468 0.1998587570621469 0.9811087570621468
0 0.2958598163841808 0.8497969632768361 0.38413665254237284 0.8497969632768361 0.38413665254237284 0.9855225988700564 0.2958598163841808 0.9855225988700564
0 0.39296433615819204 0.8983492231638418 0.4602754237288136 0.8983492231638418 0.4602754237288136 0.9888329802259886 0.39296433615819204 0.9888329802259886
0 0.4691031073446328 0.9049699858757062 0.5540695621468926 0.9049699858757062 0.5540695621468926 0.995453742937853 0.4691031073446328 0.995453742937853
0 0.5651041666666666 0.9171080508474576 0.6544844632768362 0.9171080508474576 0.6544844632768362 0.9965572033898304 0.5651041666666666 0.9965572033898304
0 0.6588983050847458 0.9314530367231638 0.7626235875706215 0.9314530367231638 0.7626235875706215 0.9921433615819208 0.6588983050847458 0.9921433615819208
