1 0.40399894067796605 0.15240995762711865 0.6004149011299434 0.15240995762711865 0.6004149011299434 0.4591719632768362 0.40399894067796605 0.4591719632768362
1 0.41724046610169496 0.5176553672316384 0.5485522598870056 0.5176553672316384 0.5485522598870056 0.8365554378531073 0.41724046610169496 0.8365554378531073
1 0.0 0.0410249464695715 0.477930790960452 0.0410249464695715 0.477930790960452 0.14468573446327684 0.0 0.14468573446327684
1 0.7129678672316384 0.2108933615819209 0.9744879943502824 0.2108933615819209 0.9744879943502824 0.4028954802259887 0.7129678672316384 0.4028954802259887
1 0.7041401836158192 0.029925847457627122 0.9932468220338984 0.029925847457627122 0.9932468220338984 0.2153072033898305 0.7041401836158192 0.2153072033898305
0 0.6964159604519774 0.6368290960451977 0.7968308615819208 0.6368290960451977 0.7968308615819208 0.8564177259887005 0.6964159604519774 0.8564177259887005
0 0.8652454096045197 0.6368290960451977 0.9623499293785311 0.6368290960451977 0.9623499293785311 0.8784869350282485 0.8652454096045197 0.8784869350282485
0 0.6920021186440678 0.4988965395480226 0.7880031779661016 0.4988965395480226 0.7880031779661016 0.6169668079096045 0.6920021186440678 0.6169668079096045
0 0.8034516242937852 0.5044138418079096 0.8806938559322033 0.5044138418079096 0.8806938559322033 0.6224841101694915 0.8034516242937852 0.6224841101694915
0 0.9005561440677965 0.4856550141242938 0.9943502824858756 0.4856550141242938 0.9943502824858756 0.6313117937853107 0.9005561440677965 0.6313117937853107
