1 0.07516772598870058 0.005649717514124299 0.1932379943502825 0.005649717514124299 0.1932379943502825 0.06965042372881357 0.07516772598870058 0.06965042372881357
1 0.00013241525423729472 0.012270480225988705 0.05971927966101698 0.012270480225988705 0.05971927966101698 0.14358227401129944 0.00013241525423729472 0.14358227401129944
1 0.8431762005649717 0.8497969632768361 0.9954537429378532 0.8497969632768361 0.9954537429378532 0.9855225988700564 0.8431762005649717 0.9855225988700564
1 0.7736581920903955 0.5960010593220338 0.997660663841808 0.5960010593220338 0.997660663841808 0.7692443502824858 0.7736581920903955 0.7692443502824858
1 0.2693767655367232 0.050891596045197746 0.43710275423728817 0.050891596045197746 0.43710275423728817 0.17447916666666669 0.2693767655367232 0.17447916666666669
1 0.1833068502824859 0.1082715395480226 0.282618290960452 0.1082715395480226 0.282618290960452 0.2142037429378531 0.1833068502824859 0.2142037429378531
1 0.4746204096045198 0.01999470338983051 0.6743467514124294 0.01999470338983051 0.6743467514124294 0.13034074858757064 0.4746204096045198 0.13034074858757064
1 0.717381709039548 0.07296080508474577 0.8189000706214689 0.07296080508474577 0.8189000706214689 0.14799611581920905 0.717381709039548 0.14799611581920905
0 0.588276836158192 0.1788930084745763 0.728416313559322 0.1788930084745763 0.728416313559322 0.2848252118644068 0.588276836158192 0.2848252118644068
0 0.7537959039548023 0.24068679378531074 0.8751765536723164 0.24068679378531074 0.8751765536723164 0.2980667372881356 0.7537959039548023 0.2980667372881356
0 0.8994526836158192 0.13806497175141244 0.9766949152542372 0.13806497175141244 0.9766949152542372 0.2175141242937853 0.8994526836158192 0.2175141242937853
0 0.8641419491525424 0.048684675141242945 0.9557291666666667 0.048684675141242945 0.9557291666666667 0.14247881355932204 0.8641419491525424 0.14247881355932204
0 0.7019332627118644 0.477930790960452 0.8299346751412429 0.477930790960452 0.8299346751412429 0.5783456920903954 0.7019332627118644 0.5783456920903954
0 0.6809675141242938 0.3907574152542373 0.8045550847457628 0.3907574152542373 0.8045550847457628 0.4591719632768362 0.6809675141242938 0.4591719632768362
0 0.8983492231638417 0.2561352401129944 0.989936440677966 0.2561352401129944 0.989936440677966 0.3697916666666667 0.8983492231638417 0.3697916666666667
0 0.8089689265536724 0.3278601694915254 0.8773834745762712 0.3278601694915254 0.8773834745762712 0.3896539548022599 0.8089689265536724 0.3896539548022599
0 0.5253795903954802 0.5595868644067796 0.6324152542372882 0.5595868644067796 0.6324152542372882 0.6798640536723163 0.5253795903954802 0.6798640536723163
0 0.3124117231638418 0.6302083333333333 0.4878619350282486 0.6302083333333333 0.4878619350282486 0.744968220338983 0.3124117231638418 0.744968220338983
1 0.1281338276836158 0.6886917372881355 0.2517213983050848 0.6886917372881355 0.2517213983050848 0.8200035310734463 0.1281338276836158 0.8200035310734463
1 0.06302966101694918 0.7383474576271186 0.14578919491525422 0.7383474576271186 0.14578919491525422 0.8420727401129943 0.06302966101694918 0.8420727401129943
1 0.004546257062146897 0.7273128531073446 0.06302966101694918 0.7273128531073446 0.06302966101694918 0.8619350282485875 0.004546257062146897 0.8619350282485875
0 0.1270303672316384 0.6037252824858756 0.22965218926553677 0.6037252824858756 0.22965218926553677 0.6765536723163841 0.1270303672316384 0.6765536723163841
0 0.08068502824858759 0.544138418079096 0.1965483757062147 0.544138418079096 0.1965483757062147 0.6136564265536723 0.08068502824858759 0.6136564265536723
0 0.06523658192090398 0.4856550141242938 0.17337570621468928 0.4856550141242938 0.17337570621468928 0.5617937853107344 0.06523658192090398 0.5617937853107344
0 0.016684322033898302 0.4238612288135593 0.1182026836158192 0.4238612288135593 0.1182026836158192 0.5077242231638418 0.016684322033898302 0.5077242231638418
0 0.006753177966101698 0.1932379943502825 0.07958156779661019 0.1932379943502825 0.07958156779661019 0.3488259180790961 0.006753177966101698 0.3488259180790961
0 0.16565148305084748 0.2892390536723164 0.2859286723163842 0.2892390536723164 0.2859286723163842 0.3951712570621469 0.16565148305084748 0.3951712570621469
0 0.37751588983050843 0.1954449152542373 0.4966896186440678 0.1954449152542373 0.4966896186440678 0.2925494350282486 0.37751588983050843 0.2925494350282486
0 0.2925494350282486 0.2142037429378531 0.3620674435028248 0.2142037429378531 0.3620674435028248 0.3035840395480226 0.2925494350282486 0.3035840395480226
0 0.3444120762711864 0.2914459745762712 0.4459304378531074 0.2914459745762712 0.4459304378531074 0.3653778248587571 0.3444120762711864 0.3653778248587571
0 0.4580685028248588 0.3333774717514124 0.544138418079096 0.3333774717514124 0.544138418079096 0.4084127824858757 0.4580685028248588 0.4084127824858757
0 0.37861935028248583 0.3719985875706215 0.4580685028248588 0.3719985875706215 0.4580685028248588 0.4415165960451977 0.37861935028248583 0.4415165960451977
0 0.4657927259887006 0.4128266242937853 0.5695180084745762 0.4128266242937853 0.5695180084745762 0.4713100282485876 0.4657927259887006 0.4713100282485876
0 0.4657927259887006 0.466896186440678 0.6059322033898306 0.466896186440678 0.6059322033898306 0.5628972457627118 0.4657927259887006 0.5628972457627118
0 0.266066384180791 0.533103813559322 0.38413665254237284 0.533103813559322 0.38413665254237284 0.615863347457627 0.266066384180791 0.615863347457627
0 0.2539283192090396 0.483448093220339 0.38524011299435024 0.483448093220339 0.38524011299435024 0.527586511299435 0.2539283192090396 0.527586511299435
0 0.24951447740112997 0.4293785310734463 0.36758474576271183 0.4293785310734463 0.36758474576271183 0.4823446327683616 0.24951447740112997 0.4823446327683616
