0 0.9160045903954803 0.022201624293785315 0.9954537429378532 0.022201624293785315 0.9954537429378532 0.15130649717514125 0.9160045903954803 0.15130649717514125
0 0.8332450564971752 0.011167019774011305 0.9082803672316384 0.011167019774011305 0.9082803672316384 0.12813382768361584 0.8332450564971752 0.12813382768361584
0 0.7526924435028248 0.0023393361581920953 0.8299346751412429 0.0023393361581920953 0.8299346751412429 0.07958156779661017 0.7526924435028248 0.07958156779661017
0 0.6390360169491526 0.0001324152542372932 0.7416578389830508 0.0001324152542372932 0.7416578389830508 0.11489230225988702 0.6390360169491526 0.11489230225988702
0 0.5485522598870056 0.0045462570621468985 0.6324152542372882 0.0045462570621468985 0.6324152542372882 0.08951271186440679 0.5485522598870056 0.08951271186440679
0 0.4624823446327684 0.0023393361581920953 0.5419314971751412 0.0023393361581920953 0.5419314971751412 0.047581214689265544 0.4624823446327684 0.047581214689265544
0 0.9667637711864407 0.2020656779661017 0.9943502824858756 0.2020656779661017 0.9943502824858756 0.3124117231638418 0.9667637711864407 0.3124117231638418
0 0.8840042372881356 0.1822033898305085 0.964556850282486 0.1822033898305085 0.964556850282486 0.310204802259887 0.8840042372881356 0.310204802259887
0 0.802348163841808 0.15903072033898305 0.879590395480226 0.15903072033898305 0.879590395480226 0.2804113700564972 0.802348163841808 0.2804113700564972
0 0.717381709039548 0.13365112994350284 0.8045550847457628 0.13365112994350284 0.8045550847457628 0.2870321327683616 0.717381709039548 0.2870321327683616
0 0.623587570621469 0.12813382768361584 0.7140713276836159 0.12813382768361584 0.7140713276836159 0.2638594632768362 0.623587570621469 0.2638594632768362
0 0.5485522598870056 0.09282309322033899 0.6158633474576272 0.09282309322033899 0.6158633474576272 0.14468573446327684 0.5485522598870056 0.14468573446327684
0 0.5121380649717514 0.14799611581920905 0.599311440677966 0.14799611581920905 0.599311440677966 0.23516949152542374 0.5121380649717514 0.23516949152542374
0 0.41613700564971756 0.07516772598870057 0.505517302259887 0.07516772598870057 0.505517302259887 0.1998587570621469 0.41613700564971756 0.1998587570621469
0 0.332274011299435 0.04316737288135594 0.40841278248587576 0.04316737288135594 0.40841278248587576 0.1810999293785311 0.332274011299435 0.1810999293785311
0 0.24068679378531077 0.03323622881355933 0.3300670903954802 0.03323622881355933 0.3300670903954802 0.17227224576271186 0.24068679378531077 0.17227224576271186
0 0.15020303672316382 0.01778778248587571 0.23627295197740117 0.01778778248587571 0.23627295197740117 0.14468573446327684 0.15020303672316382 0.14468573446327684
0 0.045374293785310715 0.0001324152542372932 0.14578919491525422 0.0001324152542372932 0.14578919491525422 0.1071680790960452 0.045374293785310715 0.1071680790960452
0 0.0034427966101694962 0.2031691384180791 0.03323622881355931 0.2031691384180791 0.03323622881355931 0.2804113700564972 0.0034427966101694962 0.2804113700564972
0 0.028822387005649708 0.2075829802259887 0.0972369350282486 0.2075829802259887 0.0972369350282486 0.332274011299435 0.028822387005649708 0.332274011299435
0 0.1016507768361582 0.23296257062146894 0.1943414548022599 0.23296257062146894 0.1943414548022599 0.3973781779661017 0.1016507768361582 0.3973781779661017
0 0.2009622175141243 0.2583421610169492 0.2870321327683616 0.2583421610169492 0.2870321327683616 0.4095162429378531 0.2009622175141243 0.4095162429378531
0 0.2925494350282486 0.2737906073446328 0.39737817796610164 0.2737906073446328 0.39737817796610164 0.4404131355932203 0.2925494350282486 0.4404131355932203
0 0.39848163841807904 0.2969632768361582 0.4856550141242938 0.2969632768361582 0.4856550141242938 0.4260681497175141 0.39848163841807904 0.4260681497175141
0 0.4845515536723164 0.3168255649717514 0.5617937853107344 0.3168255649717514 0.5617937853107344 0.4602754237288136 0.4845515536723164 0.4602754237288136
0 0.5651041666666666 0.3399982344632768 0.6611052259887006 0.3399982344632768 0.6611052259887006 0.4900688559322034 0.5651041666666666 0.4900688559322034
0 0.662208686440678 0.3532397598870057 0.7416578389830508 0.3532397598870057 0.7416578389830508 0.4878619350282486 0.662208686440678 0.4878619350282486
0 0.7405543785310735 0.3808262711864407 0.8321415960451977 0.3808262711864407 0.8321415960451977 0.5286899717514124 0.7405543785310735 0.5286899717514124
0 0.8431762005649717 0.3841366525423729 0.9093838276836159 0.3841366525423729 0.9093838276836159 0.5452418785310734 0.8431762005649717 0.5452418785310734
0 0.9149011299435028 0.4062058615819209 0.997660663841808 0.4062058615819209 0.997660663841808 0.566207627118644 0.9149011299435028 0.566207627118644
0 0.0012358757062146952 0.3742055084745763 0.07075388418079098 0.3742055084745763 0.07075388418079098 0.5375176553672316 0.0012358757062146952 0.5375176553672316
0 0.07075388418079098 0.3962747175141243 0.14799611581920902 0.3962747175141243 0.14799611581920902 0.566207627118644 0.07075388418079098 0.566207627118644
0 0.15682379943502822 0.4205508474576271 0.24510063559322037 0.4205508474576271 0.24510063559322037 0.5673110875706214 0.15682379943502822 0.5673110875706214
0 0.24399717514124297 0.4470338983050848 0.3521362994350282 0.4470338983050848 0.3521362994350282 0.577242231638418 0.24399717514124297 0.577242231638418
0 0.3521362994350282 0.4845515536723164 0.4404131355932204 0.4845515536723164 0.4404131355932204 0.6136564265536723 0.3521362994350282 0.6136564265536723
0 0.4437235169491526 0.4768273305084746 0.5231726694915254 0.4768273305084746 0.5231726694915254 0.6302083333333333 0.4437235169491526 0.6302083333333333
0 0.522069209039548 0.4955861581920904 0.6114495056497176 0.4955861581920904 0.6114495056497176 0.6555879237288135 0.522069209039548 0.6555879237288135
0 0.6136564265536724 0.5077242231638418 0.7118644067796611 0.5077242231638418 0.7118644067796611 0.6611052259887005 0.6136564265536724 0.6611052259887005
0 0.7129678672316384 0.5474487994350282 0.7935204802259888 0.5474487994350282 0.7935204802259888 0.6831744350282485 0.7129678672316384 0.6831744350282485
0 0.8001412429378532 0.5673110875706214 0.8773834745762712 0.5673110875706214 0.8773834745762712 0.7041401836158192 0.8001412429378532 0.7041401836158192
0 0.8840042372881356 0.5860699152542372 0.9601430084745763 0.5860699152542372 0.9601430084745763 0.7328301553672316 0.8840042372881356 0.7328301553672316
0 0.9634533898305084 0.6015183615819208 0.998046875 0.6015183615819208 0.998046875 0.7419272131522102 0.9634533898305084 0.7419272131522102
0 0.09392655367231639 0.6588983050847457 0.2097899011299435 0.6588983050847457 0.2097899011299435 0.8078654661016949 0.09392655367231639 0.8078654661016949
0 0.004546257062146897 0.6235875706214689 0.047581214689265516 0.6235875706214689 0.047581214689265516 0.7813824152542372 0.004546257062146897 0.7813824152542372
0 0.21641066384180796 0.6699329096045197 0.3035840395480226 0.6699329096045197 0.3035840395480226 0.8133827683615819 0.21641066384180796 0.8133827683615819
0 0.3068944209039548 0.6776571327683615 0.39186087570621464 0.6776571327683615 0.39186087570621464 0.8431762005649717 0.3068944209039548 0.8431762005649717
0 0.39517125706214684 0.7030367231638418 0.477930790960452 0.7030367231638418 0.477930790960452 0.8520038841807909 0.39517125706214684 0.8520038841807909
0 0.4900688559322034 0.7460716807909604 0.5684145480225988 0.7460716807909604 0.5684145480225988 0.8486935028248587 0.4900688559322034 0.8486935028248587
0 0.5706214689265536 0.756002824858757 0.6533810028248588 0.756002824858757 0.6533810028248588 0.8773834745762711 0.5706214689265536 0.8773834745762711
0 0.6544844632768362 0.789106638418079 0.7405543785310735 0.789106638418079 0.7405543785310735 0.9049699858757062 0.6544844632768362 0.9049699858757062
0 0.7449682203389831 0.8078654661016949 0.8177966101694916 0.8078654661016949 0.8177966101694916 0.9259357344632768 0.7449682203389831 0.9259357344632768
0 0.8189000706214689 0.8144862288135593 0.9193149717514124 0.8144862288135593 0.9193149717514124 0.9557291666666666 0.8189000706214689 0.9557291666666666
0 0.9259357344632768 0.8442796610169491 0.9965572033898304 0.8442796610169491 0.9965572033898304 0.9744879943502824 0.9259357344632768 0.9744879943502824
0 0.07185734463276838 0.8177966101694915 0.17447916666666669 0.8177966101694915 0.17447916666666669 0.9579360875706214 0.07185734463276838 0.9579360875706214
0 0.1766860875706215 0.8464865819209039 0.2616525423728814 0.8464865819209039 0.2616525423728814 0.9811087570621468 0.1766860875706215 0.9811087570621468
0 0.2671698446327684 0.8685557909604519 0.3521362994350282 0.8685557909604519 0.3521362994350282 0.9877295197740112 0.2671698446327684 0.9877295197740112
0 0.354343220338983 0.8950388418079096 0.4514477401129944 0.8950388418079096 0.4514477401129944 0.995453742937853 0.354343220338983 0.995453742937853
0 0.4547581214689266 0.8784869350282485 0.538621115819209 0.8784869350282485 0.538621115819209 0.9976606638418078 0.4547581214689266 0.9976606638418078
0 0.5419314971751412 0.9027630649717514 0.6257944915254238 0.9027630649717514 0.6257944915254238 0.9976606638418078 0.5419314971751412 0.9976606638418078
0 0.6324152542372882 0.9270391949152542 0.7238645391949153 0.9270391949152542 0.7238645391949153 0.998046875 0.6324152542372882 0.998046875
