0 0.4481373587570622 0.0034427966101694967 0.5154484463276836 0.0034427966101694967 0.5154484463276836 0.03544314971751413 0.4481373587570622 0.03544314971751413
0 0.522069209039548 0.005649717514124299 0.599311440677966 0.005649717514124299 0.599311440677966 0.056408898305084755 0.522069209039548 0.056408898305084755
0 0.6114495056497176 0.0023393361581920953 0.7217955508474576 0.0023393361581920953 0.7217955508474576 0.08620233050847459 0.6114495056497176 0.08620233050847459
0 0.7273128531073447 0.005649717514124299 0.794623940677966 0.005649717514124299 0.794623940677966 0.1104784604519774 0.7273128531073447 0.1104784604519774
0 0.7979343220338984 0.0067531779661016995 0.9082803672316384 0.0067531779661016995 0.9082803672316384 0.15240995762711865 0.7979343220338984 0.15240995762711865
0 0.9137976694915255 0.03654661016949153 0.9932468220338984 0.03654661016949153 0.9932468220338984 0.17447916666666669 0.9137976694915255 0.17447916666666669
1 0.3455155367231638 0.12151306497175142 0.5231726694915254 0.12151306497175142 0.5231726694915254 0.2903425141242938 0.3455155367231638 0.2903425141242938
0 0.522069209039548 0.16454802259887005 0.6224841101694916 0.16454802259887005 0.6224841101694916 0.3234463276836158 0.522069209039548 0.3234463276836158
0 0.2539283192090396 0.1005473163841808 0.343308615819209 0.1005473163841808 0.343308615819209 0.24841101694915255 0.2539283192090396 0.24841101694915255
0 0.16675494350282488 0.08840925141242939 0.24289371468926557 0.08840925141242939 0.24289371468926557 0.23627295197740114 0.16675494350282488 0.23627295197740114
0 0.09061617231638419 0.049788135593220345 0.16013418079096048 0.049788135593220345 0.16013418079096048 0.1799964689265537 0.09061617231638419 0.1799964689265537
0 0.0023393361581920957 0.01889124293785311 0.07958156779661019 0.01889124293785311 0.07958156779661019 0.1899276129943503 0.0023393361581920957 0.1899276129943503
0 0.43489583333333337 0.3664812853107345 0.5121380649717514 0.3664812853107345 0.5121380649717514 0.4580685028248588 0.43489583333333337 0.4580685028248588
0 0.37199858757062143 0.4635858050847458 0.5022069209039548 0.4635858050847458 0.5022069209039548 0.5286899717514124 0.37199858757062143 0.5286899717514124
0 0.36648128531073443 0.3653778248587571 0.43048199152542377 0.3653778248587571 0.43048199152542377 0.4514477401129944 0.36648128531073443 0.4514477401129944
0 0.3013771186440678 0.3675847457627119 0.3609639830508474 0.3675847457627119 0.3609639830508474 0.4878619350282486 0.3013771186440678 0.4878619350282486
0 0.22192796610169496 0.2870321327683616 0.2958598163841808 0.2870321327683616 0.2958598163841808 0.4393096751412429 0.22192796610169496 0.4393096751412429
0 0.1270303672316384 0.2638594632768362 0.21530720338983056 0.2638594632768362 0.21530720338983056 0.3863435734463277 0.1270303672316384 0.3863435734463277
0 0.004546257062146897 0.22744526836158194 0.1270303672316384 0.22744526836158194 0.1270303672316384 0.3576536016949153 0.004546257062146897 0.3576536016949153
0 0.005649717514124297 0.4492408192090396 0.1082715395480226 0.4492408192090396 0.1082715395480226 0.5783456920903954 0.005649717514124297 0.5783456920903954
0 0.109375 0.4856550141242938 0.1921345338983051 0.4856550141242938 0.1921345338983051 0.6037252824858756 0.109375 0.6037252824858756
0 0.1943414548022599 0.5353107344632768 0.2947563559322034 0.5353107344632768 0.2947563559322034 0.6092425847457626 0.1943414548022599 0.6092425847457626
0 0.2914459745762712 0.5794491525423728 0.39186087570621464 0.5794491525423728 0.39186087570621464 0.6754502118644067 0.2914459745762712 0.6754502118644067
0 0.1336511299435028 0.6125529661016949 0.2848252118644068 0.6125529661016949 0.2848252118644068 0.6875882768361581 0.1336511299435028 0.6875882768361581
0 0.17558262711864409 0.6964159604519774 0.354343220338983 0.6964159604519774 0.354343220338983 0.8222104519774011 0.17558262711864409 0.8222104519774011
0 0.14358227401129942 0.8277277542372881 0.365377824858757 0.8277277542372881 0.365377824858757 0.8795903954802259 0.14358227401129942 0.8795903954802259
0 0.15572033898305082 0.929246115819209 0.3674976758364232 0.929246115819209 0.3674976758364232 0.998046875 0.15572033898305082 0.998046875
0 0.0034427966101694962 0.811175847457627 0.06744350282485878 0.811175847457627 0.06744350282485878 0.9965572033898304 0.0034427966101694962 0.9965572033898304
0 0.7626235875706215 0.1910310734463277 0.8553142655367232 0.1910310734463277 0.8553142655367232 0.3035840395480226 0.7626235875706215 0.3035840395480226
0 0.8619350282485876 0.22523834745762714 0.998046875 0.22523834745762714 0.998046875 0.31779440324858754 0.8619350282485876 0.31779440324858754
0 0.6831744350282486 0.2980667372881356 0.8067620056497176 0.2980667372881356 0.8067620056497176 0.3940677966101695 0.6831744350282486 0.3940677966101695
0 0.8729696327683616 0.3146186440677966 0.9932468220338984 0.3146186440677966 0.9932468220338984 0.4128266242937853 0.8729696327683616 0.4128266242937853
0 0.6379325564971752 0.3929643361581921 0.794623940677966 0.3929643361581921 0.794623940677966 0.466896186440678 0.6379325564971752 0.466896186440678
0 0.5971045197740112 0.4657927259887006 0.7273128531073447 0.4657927259887006 0.7273128531073447 0.5463453389830508 0.5971045197740112 0.5463453389830508
0 0.5342072740112994 0.527586511299435 0.5971045197740112 0.527586511299435 0.5971045197740112 0.61034604519774 0.5342072740112994 0.61034604519774
0 0.5960010593220338 0.5529661016949152 0.6809675141242938 0.5529661016949152 0.6809675141242938 0.6202771892655367 0.5960010593220338 0.6202771892655367
0 0.4812411723163842 0.6136564265536723 0.599311440677966 0.6136564265536723 0.599311440677966 0.6997263418079096 0.4812411723163842 0.6997263418079096
0 0.4415165960451978 0.7548993644067796 0.5838629943502824 0.7548993644067796 0.5838629943502824 0.8542108050847457 0.4415165960451978 0.8542108050847457
0 0.8299346751412429 0.4194473870056497 0.9480049435028248 0.4194473870056497 0.9480049435028248 0.6070356638418078 0.8299346751412429 0.6070356638418078
0 0.7328301553672316 0.522069209039548 0.8299346751412429 0.522069209039548 0.8299346751412429 0.6555879237288135 0.7328301553672316 0.6555879237288135
0 0.656691384180791 0.6566913841807909 0.824417372881356 0.6566913841807909 0.824417372881356 0.756002824858757 0.656691384180791 0.756002824858757
1 0.75048552259887 0.7913135593220338 0.9270391949152543 0.7913135593220338 0.9270391949152543 0.929246115819209 0.75048552259887 0.929246115819209
1 0.55517302259887 0.8431762005649717 0.6710363700564972 0.8431762005649717 0.6710363700564972 0.9766949152542372 0.55517302259887 0.9766949152542372
