1 0.38082627118644063 0.5507591807909604 0.5297934322033898 0.5507591807909604 0.5297934322033898 0.8089689265536723 0.38082627118644063 0.8089689265536723
1 0.7228990112994351 0.8222104519774011 0.9557291666666667 0.8222104519774011 0.9557291666666667 0.995453742937853 0.7228990112994351 0.995453742937853
1 0.1292372881355932 0.4470338983050848 0.38303319209039544 0.4470338983050848 0.38303319209039544 0.5364141949152542 0.1292372881355932 0.5364141949152542
1 0.0034427966101694962 0.4172404661016949 0.08289194915254239 0.4172404661016949 0.08289194915254239 0.8365554378531073 0.0034427966101694962 0.8365554378531073
1 0.5750353107344632 0.07406426553672317 0.6864848163841808 0.07406426553672317 0.6864848163841808 0.4006885593220339 0.5750353107344632 0.4006885593220339
0 0.14689265536723162 0.055305437853107355 0.21089336158192096 0.055305437853107355 0.21089336158192096 0.1777895480225989 0.14689265536723162 0.1777895480225989
0 0.21310028248587576 0.050891596045197746 0.2815148305084746 0.050891596045197746 0.2815148305084746 0.1833068502824859 0.21310028248587576 0.1833068502824859
0 0.293652895480226 0.05309851694915255 0.3620674435028248 0.05309851694915255 0.3620674435028248 0.1954449152542373 0.293652895480226 0.1954449152542373
0 0.3642743644067796 0.06634004237288137 0.43048199152542377 0.06634004237288137 0.43048199152542377 0.1987552966101695 0.3642743644067796 0.1987552966101695
0 0.43599929378531077 0.06854696327683617 0.5 0.06854696327683617 0.5 0.1965483757062147 0.43599929378531077 0.1965483757062147
0 0.3477224576271186 0.2572387005649718 0.40951624293785316 0.2572387005649718 0.40951624293785316 0.3675847457627119 0.3477224576271186 0.3675847457627119
0 0.2009622175141243 0.2208245056497175 0.2649629237288136 0.2208245056497175 0.2649629237288136 0.3499293785310735 0.2009622175141243 0.3499293785310735
0 0.05861581920903958 0.1987552966101695 0.1226165254237288 0.1987552966101695 0.1226165254237288 0.3499293785310735 0.05861581920903958 0.3499293785310735
0 0.1336511299435028 0.2119968220338983 0.1932379943502825 0.2119968220338983 0.1932379943502825 0.3587570621468927 0.1336511299435028 0.3587570621468927
0 0.7791754943502824 0.299170197740113 0.8806938559322033 0.299170197740113 0.8806938559322033 0.4028954802259887 0.7791754943502824 0.4028954802259887
0 0.7714512711864407 0.11489230225988702 0.9049699858757063 0.11489230225988702 0.9049699858757063 0.2870321327683616 0.7714512711864407 0.2870321327683616
0 0.9171080508474576 0.255031779661017 0.9921433615819208 0.255031779661017 0.9921433615819208 0.4271716101694915 0.9171080508474576 0.4271716101694915
0 0.7471751412429379 0.6235875706214689 0.8067620056497176 0.6235875706214689 0.8067620056497176 0.7758651129943502 0.7471751412429379 0.7758651129943502
0 0.8144862288135593 0.6136564265536723 0.8773834745762712 0.6136564265536723 0.8773834745762712 0.772554731638418 0.8144862288135593 0.772554731638418
0 0.8829007768361581 0.6379325564971751 0.9601430084745763 0.6379325564971751 0.9601430084745763 0.7769685734463276 0.8829007768361581 0.7769685734463276
0 0.8917284604519773 0.4691031073446328 0.9711776129943503 0.4691031073446328 0.9711776129943503 0.6114495056497175 0.8917284604519773 0.6114495056497175
0 0.8332450564971752 0.4702065677966102 0.8895215395480225 0.4702065677966102 0.8895215395480225 0.5915872175141242 0.8332450564971752 0.5915872175141242
0 0.7515889830508475 0.461378884180791 0.8200035310734464 0.461378884180791 0.8200035310734464 0.5960010593220338 0.7515889830508475 0.5960010593220338
