0 0.8641419491525424 0.049788135593220345 0.9590395480225988 0.049788135593220345 0.9590395480225988 0.16785840395480225 0.8641419491525424 0.16785840395480225
0 0.8012447033898304 0.14689265536723164 0.8597281073446328 0.14689265536723164 0.8597281073446328 0.2153072033898305 0.8012447033898304 0.2153072033898305
0 0.7482786016949152 0.2153072033898305 0.8663488700564972 0.2153072033898305 0.8663488700564972 0.3168255649717514 0.7482786016949152 0.3168255649717514
0 0.08178848870056499 0.0045462570621468985 0.21861758474576276 0.0045462570621468985 0.21861758474576276 0.08399540960451977 0.08178848870056499 0.08399540960451977
0 0.03433968926553671 0.08068502824858757 0.15130649717514122 0.08068502824858757 0.15130649717514122 0.16785840395480225 0.03433968926553671 0.16785840395480225
0 0.0034427966101694962 0.12151306497175142 0.03433968926553671 0.12151306497175142 0.03433968926553671 0.2153072033898305 0.0034427966101694962 0.2153072033898305
0 0.04096045197740111 0.17337570621468928 0.1082715395480226 0.17337570621468928 0.1082715395480226 0.23627295197740114 0.04096045197740111 0.23627295197740114
0 0.37310204802259883 0.01889124293785311 0.4746204096045198 0.01889124293785311 0.4746204096045198 0.1082715395480226 0.37310204802259883 0.1082715395480226
0 0.3135151836158192 0.11709922316384182 0.4691031073446328 0.11709922316384182 0.4691031073446328 0.16785840395480225 0.3135151836158192 0.16785840395480225
0 0.3333774717514124 0.16896186440677965 0.43489583333333337 0.16896186440677965 0.43489583333333337 0.2197210451977401 0.3333774717514124 0.2197210451977401
0 0.24841101694915257 0.13916843220338984 0.3068944209039548 0.13916843220338984 0.3068944209039548 0.2164106638418079 0.24841101694915257 0.2164106638418079
0 0.1899276129943503 0.23075564971751414 0.3300670903954802 0.23075564971751414 0.3300670903954802 0.3168255649717514 0.1899276129943503 0.3168255649717514
0 0.1159957627118644 0.2737906073446328 0.1888241525423729 0.2737906073446328 0.1888241525423729 0.337791313559322 0.1159957627118644 0.337791313559322
0 0.1899276129943503 0.3234463276836158 0.24841101694915257 0.3234463276836158 0.24841101694915257 0.3775158898305085 0.1899276129943503 0.3775158898305085
0 0.06413312146892658 0.3422051553672316 0.1866172316384181 0.3422051553672316 0.1866172316384181 0.3885504943502825 0.06413312146892658 0.3885504943502825
0 0.08178848870056499 0.3962747175141243 0.22082450564971756 0.3962747175141243 0.22082450564971756 0.4415165960451977 0.08178848870056499 0.4415165960451977
0 0.005649717514124297 0.3940677966101695 0.07516772598870058 0.3940677966101695 0.07516772598870058 0.4900688559322034 0.005649717514124297 0.4900688559322034
0 0.07847810734463279 0.4459304378531073 0.14799611581920902 0.4459304378531073 0.14799611581920902 0.5242761299435028 0.07847810734463279 0.5242761299435028
0 0.00013241525423729472 0.4977930790960452 0.07075388418079098 0.4977930790960452 0.07075388418079098 0.5838629943502824 0.00013241525423729472 0.5838629943502824
0 0.6544844632768362 0.0001324152542372932 0.8122793079096045 0.0001324152542372932 0.8122793079096045 0.07627118644067797 0.6544844632768362 0.07627118644067797
0 0.6357256355932204 0.07516772598870057 0.7328301553672316 0.07516772598870057 0.7328301553672316 0.14689265536723164 0.6357256355932204 0.14689265536723164
0 0.5419314971751412 0.057512358757062156 0.6357256355932204 0.057512358757062156 0.6357256355932204 0.1866172316384181 0.5419314971751412 0.1866172316384181
0 0.5397245762711864 0.1877206920903955 0.6379325564971752 0.1877206920903955 0.6379325564971752 0.2517213983050848 0.5397245762711864 0.2517213983050848
0 0.472413488700565 0.12040960451977402 0.5364141949152542 0.12040960451977402 0.5364141949152542 0.23075564971751414 0.472413488700565 0.23075564971751414
0 0.43048199152542377 0.23185911016949154 0.538621115819209 0.23185911016949154 0.538621115819209 0.3057909604519774 0.43048199152542377 0.3057909604519774
0 0.3510328389830508 0.23296257062146894 0.42496468926553677 0.23296257062146894 0.42496468926553677 0.326756709039548 0.3510328389830508 0.326756709039548
0 0.38413665254237284 0.3333774717514124 0.488965395480226 0.3333774717514124 0.488965395480226 0.3775158898305085 0.38413665254237284 0.3775158898305085
0 0.288135593220339 0.3300670903954802 0.38192973163841804 0.3300670903954802 0.38192973163841804 0.4095162429378531 0.288135593220339 0.4095162429378531
0 0.23185911016949157 0.4006885593220339 0.2903425141242938 0.4006885593220339 0.2903425141242938 0.4602754237288136 0.23185911016949157 0.4602754237288136
0 0.2892390536723164 0.4161370056497175 0.38524011299435024 0.4161370056497175 0.38524011299435024 0.4900688559322034 0.2892390536723164 0.4900688559322034
0 0.16675494350282488 0.4569650423728814 0.2815148305084746 0.4569650423728814 0.2815148305084746 0.5452418785310734 0.16675494350282488 0.5452418785310734
0 0.125926906779661 0.544138418079096 0.24951447740112997 0.544138418079096 0.24951447740112997 0.6125529661016949 0.125926906779661 0.6125529661016949
0 0.07075388418079098 0.5342072740112994 0.1193061440677966 0.5342072740112994 0.1193061440677966 0.6379325564971751 0.07075388418079098 0.6379325564971751
0 0.120409604519774 0.6169668079096045 0.1899276129943503 0.6169668079096045 0.1899276129943503 0.6732432909604519 0.120409604519774 0.6732432909604519
0 0.0100635593220339 0.6147598870056497 0.06192620056497178 0.6147598870056497 0.06192620056497178 0.7129678672316384 0.0100635593220339 0.7129678672316384
0 0.06634004237288138 0.6467602401129943 0.114892302259887 0.6467602401129943 0.114892302259887 0.7129678672316384 0.06634004237288138 0.7129678672316384
0 0.678760593220339 0.24620409604519775 0.7482786016949152 0.24620409604519775 0.7482786016949152 0.3399982344632768 0.678760593220339 0.3399982344632768
0 0.7526924435028248 0.326756709039548 0.8189000706214689 0.326756709039548 0.8189000706214689 0.3764124293785311 0.7526924435028248 0.3764124293785311
0 0.6158633474576272 0.310204802259887 0.6765536723163842 0.310204802259887 0.6765536723163842 0.3951712570621469 0.6158633474576272 0.3951712570621469
0 0.6798640536723164 0.3477224576271187 0.7460716807909604 0.3477224576271187 0.7460716807909604 0.4304819915254237 0.6798640536723164 0.4304819915254237
0 0.5529661016949152 0.3973781779661017 0.6588983050847458 0.3973781779661017 0.6588983050847458 0.4691031073446328 0.5529661016949152 0.4691031073446328
0 0.4525512005649718 0.4702065677966102 0.5573799435028248 0.4702065677966102 0.5573799435028248 0.5628972457627118 0.4525512005649718 0.5628972457627118
0 0.41503354519774016 0.5640007062146892 0.5507591807909604 0.5640007062146892 0.5507591807909604 0.6180702683615819 0.41503354519774016 0.6180702683615819
0 0.3399982344632768 0.588276836158192 0.40951624293785316 0.588276836158192 0.40951624293785316 0.6886917372881355 0.3399982344632768 0.6886917372881355
0 0.41172316384180796 0.6257944915254237 0.4635858050847458 0.6257944915254237 0.4635858050847458 0.6920021186440677 0.41172316384180796 0.6920021186440677
0 0.2947563559322034 0.6842778954802259 0.39848163841807904 0.6842778954802259 0.39848163841807904 0.7736581920903954 0.2947563559322034 0.7736581920903954
0 0.2086864406779661 0.7129678672316384 0.2903425141242938 0.7129678672316384 0.2903425141242938 0.8067620056497175 0.2086864406779661 0.8067620056497175
0 0.14909957627118642 0.7880031779661016 0.2086864406779661 0.7880031779661016 0.2086864406779661 0.8840042372881355 0.14909957627118642 0.8840042372881355
0 0.2097899011299435 0.8100723870056497 0.293652895480226 0.8100723870056497 0.293652895480226 0.8950388418079096 0.2097899011299435 0.8950388418079096
0 0.08951271186440679 0.8442796610169491 0.14799611581920902 0.8442796610169491 0.14799611581920902 0.9469014830508474 0.08951271186440679 0.9469014830508474
0 0.14799611581920902 0.8884180790960451 0.21089336158192096 0.8884180790960451 0.21089336158192096 0.9700741525423728 0.14799611581920902 0.9700741525423728
0 0.006753177966101698 0.9303495762711864 0.09061617231638419 0.9303495762711864 0.09061617231638419 0.9943502824858756 0.006753177966101698 0.9943502824858756
0 0.8829007768361581 0.321239406779661 0.997660663841808 0.321239406779661 0.997660663841808 0.4812411723163842 0.8829007768361581 0.4812411723163842
0 0.8122793079096045 0.4260681497175141 0.8817973163841808 0.4260681497175141 0.8817973163841808 0.5573799435028248 0.8122793079096045 0.5573799435028248
0 0.7361405367231639 0.472413488700565 0.8078654661016949 0.472413488700565 0.8078654661016949 0.615863347457627 0.7361405367231639 0.615863347457627
0 0.6158633474576272 0.582759533898305 0.7306232344632768 0.582759533898305 0.7306232344632768 0.7151747881355932 0.6158633474576272 0.7151747881355932
0 0.511034604519774 0.6202771892655367 0.612552966101695 0.6202771892655367 0.612552966101695 0.75048552259887 0.511034604519774 0.75048552259887
0 0.466896186440678 0.7571062853107344 0.5794491525423728 0.7571062853107344 0.5794491525423728 0.8343485169491525 0.466896186440678 0.8343485169491525
0 0.3289636299435028 0.7968308615819208 0.4591719632768362 0.7968308615819208 0.4591719632768362 0.8994526836158192 0.3289636299435028 0.8994526836158192
0 0.2782044491525424 0.9082803672316384 0.41944738700564976 0.9082803672316384 0.41944738700564976 0.9579360875706214 0.2782044491525424 0.9579360875706214
0 0.22192796610169496 0.9612464689265536 0.40068855932203384 0.9612464689265536 0.40068855932203384 0.9976606638418078 0.22192796610169496 0.9976606638418078
0 0.5573799435028248 0.571724929378531 0.607035663841808 0.571724929378531 0.607035663841808 0.615863347457627 0.5573799435028248 0.615863347457627
0 0.7526924435028248 0.4084127824858757 0.8034516242937852 0.4084127824858757 0.8034516242937852 0.4713100282485876 0.7526924435028248 0.4713100282485876
0 0.0111670197740113 0.012270480225988705 0.07075388418079098 0.012270480225988705 0.07075388418079098 0.07737464689265537 0.0111670197740113 0.07737464689265537
