0 0.04020182291666666 0.15413411458333334 0.11018880208333331 0.15413411458333334 0.11018880208333331 0.20296223958333334 0.04020182291666666 0.20296223958333334
0 0.07926432291666666 0.17692057291666666 0.19807942708333331 0.17692057291666666 0.19807942708333331 0.3396809895833333 0.07926432291666666 0.3396809895833333
0 0.020670572916666657 0.37223307291666663 0.13297526041666666 0.37223307291666663 0.13297526041666666 0.46988932291666663 0.020670572916666657 0.46988932291666663
0 0.015787760416666657 0.4422200520833333 0.15576171875 0.4422200520833333 0.15576171875 0.5724283854166666 0.015787760416666657 0.5724283854166666
0 0.09879557291666666 0.7872721354166666 0.22086588541666669 0.7872721354166666 0.22086588541666669 0.9012044270833334 0.09879557291666666 0.9012044270833334
0 0.13785807291666666 0.8572591145833334 0.2615559895833333 0.8572591145833334 0.2615559895833333 0.9695638020833334 0.13785807291666666 0.9695638020833334
0 0.20458984375 0.89306640625 0.3380533854166667 0.89306640625 0.3380533854166667 0.9972330729166666 0.20458984375 0.9972330729166666
0 0.20133463541666669 0.61962890625 0.3250325520833333 0.61962890625 0.3250325520833333 0.7286783854166666 0.20133463541666669 0.7286783854166666
0 0.2810872395833333 0.64404296875 0.4161783854166667 0.64404296875 0.4161783854166667 0.7726236979166666 0.2810872395833333 0.7726236979166666
0 0.3429361979166667 0.70751953125 0.4812825520833333 0.70751953125 0.4812825520833333 0.8507486979166666 0.3429361979166667 0.8507486979166666
0 0.4031575520833333 0.7823893229166666 0.5349934895833333 0.7823893229166666 0.5349934895833333 0.8914388020833334 0.4031575520833333 0.8914388020833334
0 0.4617513020833333 0.8702799479166666 0.5773111979166667 0.8702799479166666 0.5773111979166667 0.97607421875 0.4617513020833333 0.97607421875
0 0.52685546875 0.9093424479166666 0.6570638020833333 0.9093424479166666 0.6570638020833333 0.9972330729166666 0.52685546875 0.9972330729166666
0 0.26806640625 0.45849609375 0.37548828125 0.45849609375 0.37548828125 0.5919596354166666 0.26806640625 0.5919596354166666
0 0.3478190104166667 0.52197265625 0.4617513020833333 0.52197265625 0.4617513020833333 0.6359049479166666 0.3478190104166667 0.6359049479166666
0 0.4308268229166667 0.5821940104166666 0.5301106770833333 0.5821940104166666 0.5301106770833333 0.6798502604166666 0.4308268229166667 0.6798502604166666
0 0.5056966145833333 0.60498046875 0.61474609375 0.60498046875 0.61474609375 0.7107747395833334 0.5056966145833333 0.7107747395833334
0 0.54150390625 0.66357421875 0.6798502604166667 0.66357421875 0.6798502604166667 0.8133138020833334 0.54150390625 0.8133138020833334
0 0.6180013020833333 0.7107747395833334 0.7579752604166667 0.7107747395833334 0.7579752604166667 0.8474934895833334 0.6180013020833333 0.8474934895833334
0 0.6700846354166667 0.77587890625 0.80029296875 0.77587890625 0.80029296875 0.8963216145833334 0.6700846354166667 0.8963216145833334
0 0.72705078125 0.8181966145833334 0.87353515625 0.8181966145833334 0.87353515625 0.96142578125 0.72705078125 0.96142578125
0 0.8019205729166667 0.88818359375 0.94189453125 0.88818359375 0.94189453125 0.9972330729166666 0.8019205729166667 0.9972330729166666
0 0.4112955729166667 0.14762369791666666 0.55615234375 0.14762369791666666 0.55615234375 0.33642578125 0.4112955729166667 0.33642578125
0 0.50244140625 0.3640950520833333 0.5984700520833333 0.3640950520833333 0.5984700520833333 0.46012369791666663 0.50244140625 0.46012369791666663
0 0.5577799479166667 0.18668619791666666 0.6717122395833333 0.18668619791666666 0.6717122395833333 0.33154296875 0.5577799479166667 0.33154296875
0 0.55615234375 0.3885091145833333 0.6798502604166667 0.3885091145833333 0.6798502604166667 0.5284830729166666 0.55615234375 0.5284830729166666
0 0.65380859375 0.24690755208333334 0.77099609375 0.24690755208333334 0.77099609375 0.34781901041666663 0.65380859375 0.34781901041666663
0 0.62451171875 0.4422200520833333 0.76123046875 0.4422200520833333 0.76123046875 0.58056640625 0.62451171875 0.58056640625
0 0.70751953125 0.2859700520833333 0.82958984375 0.2859700520833333 0.82958984375 0.42919921875 0.70751953125 0.42919921875
0 0.80029296875 0.33317057291666663 0.9109700520833333 0.33317057291666663 0.9109700520833333 0.44059244791666663 0.80029296875 0.44059244791666663
0 0.8556315104166667 0.3787434895833333 0.9777018229166667 0.3787434895833333 0.9777018229166667 0.5252278645833334 0.8556315104166667 0.5252278645833334
0 0.70263671875 0.5187174479166666 0.8165690104166667 0.5187174479166666 0.8165690104166667 0.6180013020833334 0.70263671875 0.6180013020833334
0 0.7644856770833333 0.55615234375 0.8995768229166667 0.55615234375 0.8995768229166667 0.6847330729166666 0.7644856770833333 0.6847330729166666
0 0.83447265625 0.6082356770833334 0.9630533854166667 0.6082356770833334 0.9630533854166667 0.7433268229166666 0.83447265625 0.7433268229166666
0 0.89794921875 0.6652018229166666 0.99560546875 0.6652018229166666 0.99560546875 0.7986653645833334 0.89794921875 0.7986653645833334
0 0.9484049479166667 0.43082682291666663 0.998046875 0.43082682291666663 0.998046875 0.5316149779040403 0.9484049479166667 0.5316149779040403
0 0.5008138020833333 0.002766927083333315 0.67822265625 0.002766927083333315 0.67822265625 0.09391276041666664 0.5008138020833333 0.09391276041666664
0 0.6912434895833333 0.04020182291666665 0.7872721354166667 0.04020182291666665 0.7872721354166667 0.15738932291666666 0.6912434895833333 0.15738932291666666
0 0.73193359375 0.002766927083333315 0.8426106770833333 0.002766927083333315 0.8426106770833333 0.07112630208333331 0.73193359375 0.07112630208333331
0 0.86376953125 0.12972005208333334 0.98583984375 0.12972005208333334 0.98583984375 0.26318359375 0.86376953125 0.26318359375
0 0.9044596354166667 0.04508463541666665 0.998046875 0.04508463541666665 0.998046875 0.15612034339689265 0.9044596354166667 0.15612034339689265
