0 0.17203776041666669 0.0011393229166666479 0.3185221354166667 0.0011393229166666479 0.3185221354166667 0.11018880208333331 0.17203776041666669 0.11018880208333331
0 0.16389973958333331 0.07600911458333331 0.28759765625 0.07600911458333331 0.28759765625 0.20296223958333334 0.16389973958333331 0.20296223958333334
0 0.11832682291666666 0.17203776041666666 0.2696940104166667 0.17203776041666666 0.2696940104166667 0.30712890625 0.11832682291666666 0.30712890625
0 0.07763671875 0.26318359375 0.24853515625 0.26318359375 0.24853515625 0.39990234375 0.07763671875 0.39990234375
0 0.05322265625 0.37060546875 0.20458984375 0.37060546875 0.20458984375 0.49430338541666663 0.05322265625 0.49430338541666663
1 0.16227213541666666 0.7628580729166666 0.2908528645833333 0.7628580729166666 0.2908528645833333 0.9777018229166666 0.16227213541666666 0.9777018229166666
1 0.4503580729166667 0.8165690104166666 0.8523763020833333 0.8165690104166666 0.8523763020833333 0.9728190104166666 0.4503580729166667 0.9728190104166666
1 0.75634765625 0.66357421875 0.9744466145833333 0.66357421875 0.9744466145833333 0.8230794270833334 0.75634765625 0.8230794270833334
1 0.4064127604166667 0.18994140625 0.9402669270833333 0.18994140625 0.9402669270833333 0.5138346354166666 0.4064127604166667 0.5138346354166666
1 0.5252278645833333 0.002766927083333315 0.998046875 0.002766927083333315 0.998046875 0.14800143540244595 0.5252278645833333 0.14800143540244595
