0 0.23958333333333337 0.0023393361581920953 0.3510328389830508 0.0023393361581920953 0.3510328389830508 0.061926200564971765 0.23958333333333337 0.061926200564971765
0 0.16565148305084748 0.04427083333333334 0.2671698446327684 0.04427083333333334 0.2671698446327684 0.14689265536723164 0.16565148305084748 0.14689265536723164
0 0.07958156779661019 0.11158192090395481 0.16234110169491528 0.11158192090395481 0.16234110169491528 0.1877206920903955 0.07958156779661019 0.1877206920903955
0 0.021098163841807904 0.1910310734463277 0.14909957627118642 0.1910310734463277 0.14909957627118642 0.3046875 0.021098163841807904 0.3046875
0 0.0111670197740113 0.4172404661016949 0.1137888418079096 0.4172404661016949 0.1137888418079096 0.538621115819209 0.0111670197740113 0.538621115819209
0 0.1115819209039548 0.3565501412429379 0.17337570621468928 0.3565501412429379 0.17337570621468928 0.4602754237288136 0.1115819209039548 0.4602754237288136
0 0.15682379943502822 0.2870321327683616 0.24068679378531077 0.2870321327683616 0.24068679378531077 0.3488259180790961 0.15682379943502822 0.3488259180790961
0 0.1833068502824859 0.3543432203389831 0.2726871468926554 0.3543432203389831 0.2726871468926554 0.4084127824858757 0.1833068502824859 0.4084127824858757
0 0.24289371468926557 0.23185911016949154 0.2969632768361582 0.23185911016949154 0.2969632768361582 0.3455155367231638 0.24289371468926557 0.3455155367231638
0 0.2737906073446328 0.13696151129943504 0.3609639830508474 0.13696151129943504 0.3609639830508474 0.23075564971751414 0.2737906073446328 0.23075564971751414
0 0.3631709039548022 0.17337570621468928 0.40179201977401124 0.17337570621468928 0.40179201977401124 0.24620409604519775 0.3631709039548022 0.24620409604519775
0 0.3024805790960452 0.23185911016949154 0.35986052259887 0.23185911016949154 0.35986052259887 0.2925494350282486 0.3024805790960452 0.2925494350282486
0 0.36868820621468923 0.07627118644067797 0.41834392655367236 0.07627118644067797 0.41834392655367236 0.17116878531073446 0.36868820621468923 0.17116878531073446
0 0.41393008474576276 0.029925847457627122 0.5308968926553672 0.029925847457627122 0.5308968926553672 0.11268538135593222 0.41393008474576276 0.11268538135593222
0 0.5342072740112994 0.008960098870056502 0.607035663841808 0.008960098870056502 0.607035663841808 0.04316737288135594 0.5342072740112994 0.04316737288135594
0 0.41724046610169496 0.11820268361581922 0.483448093220339 0.11820268361581922 0.483448093220339 0.16013418079096045 0.41724046610169496 0.16013418079096045
0 0.0012358757062146952 0.7692443502824858 0.05751235875706212 0.7692443502824858 0.05751235875706212 0.8950388418079096 0.0012358757062146952 0.8950388418079096
0 0.05640889830508472 0.717381709039548 0.14578919491525422 0.717381709039548 0.14578919491525422 0.8288312146892655 0.05640889830508472 0.8288312146892655
0 0.1016507768361582 0.6368290960451977 0.21199682203389836 0.6368290960451977 0.21199682203389836 0.717381709039548 0.1016507768361582 0.717381709039548
0 0.15130649717514122 0.7195886299435028 0.21972104519774016 0.7195886299435028 0.21972104519774016 0.7935204802259886 0.15130649717514122 0.7935204802259886
0 0.22413488700564976 0.756002824858757 0.3565501412429378 0.756002824858757 0.3565501412429378 0.8862111581920903 0.22413488700564976 0.8862111581920903
0 0.15020303672316382 0.8023481638418078 0.21530720338983056 0.8023481638418078 0.21530720338983056 0.8795903954802259 0.15020303672316382 0.8795903954802259
0 0.1270303672316384 0.8928319209039547 0.2748940677966102 0.8928319209039547 0.2748940677966102 0.9943502824858756 0.1270303672316384 0.9943502824858756
0 0.008960098870056499 0.9049699858757062 0.1182026836158192 0.9049699858757062 0.1182026836158192 0.9943502824858756 0.008960098870056499 0.9943502824858756
0 0.06413312146892658 0.8343485169491525 0.1391684322033898 0.8343485169491525 0.1391684322033898 0.8817973163841807 0.06413312146892658 0.8817973163841807
1 0.4492408192090396 0.7924170197740112 0.6268979519774012 0.7924170197740112 0.6268979519774012 0.9336599576271186 0.4492408192090396 0.9336599576271186
1 0.582759533898305 0.6522775423728813 0.7416578389830508 0.6522775423728813 0.7416578389830508 0.7968308615819208 0.582759533898305 0.7968308615819208
1 0.6324152542372882 0.8067620056497175 0.7262093926553672 0.8067620056497175 0.7262093926553672 0.8597281073446327 0.6324152542372882 0.8597281073446327
0 0.7460716807909604 0.588276836158192 0.8222104519774012 0.588276836158192 0.8222104519774012 0.7361405367231638 0.7460716807909604 0.7361405367231638
0 0.8155896892655368 0.527586511299435 0.8928319209039548 0.527586511299435 0.8928319209039548 0.6401394774011299 0.8155896892655368 0.6401394774011299
0 0.8531073446327684 0.4404131355932203 0.9259357344632768 0.4404131355932203 0.9259357344632768 0.5297934322033898 0.8531073446327684 0.5297934322033898
0 0.8983492231638417 0.5375176553672316 0.9733845338983051 0.5375176553672316 0.9733845338983051 0.5915872175141242 0.8983492231638417 0.5915872175141242
0 0.9270391949152543 0.4271716101694915 0.9910399011299436 0.4271716101694915 0.9910399011299436 0.5286899717514124 0.9270391949152543 0.5286899717514124
0 0.901659604519774 0.6114495056497175 0.9943502824858756 0.6114495056497175 0.9943502824858756 0.7648305084745762 0.901659604519774 0.7648305084745762
0 0.8376588983050848 0.6743467514124293 0.8983492231638417 0.6743467514124293 0.8983492231638417 0.7902100988700564 0.8376588983050848 0.7902100988700564
0 0.9049699858757063 0.7769685734463276 0.9557291666666667 0.7769685734463276 0.9557291666666667 0.8177966101694915 0.9049699858757063 0.8177966101694915
0 0.78027895480226 0.7880031779661016 0.8486935028248588 0.7880031779661016 0.8486935028248588 0.8862111581920903 0.78027895480226 0.8862111581920903
0 0.700829802259887 0.8674523305084745 0.7758651129943503 0.8674523305084745 0.7758651129943503 0.951315324858757 0.700829802259887 0.951315324858757
0 0.6390360169491526 0.918211511299435 0.6997263418079096 0.918211511299435 0.6997263418079096 0.9910399011299434 0.6390360169491526 0.9910399011299434
