0 0.4845377604166667 0.0011393229166666479 0.5984700520833333 0.0011393229166666479 0.5984700520833333 0.07438151041666664 0.4845377604166667 0.07438151041666664
0 0.5838216145833333 0.0011393229166666479 0.6912434895833333 0.0011393229166666479 0.6912434895833333 0.08740234374999999 0.5838216145833333 0.08740234374999999
0 0.6554361979166667 0.0011393229166666479 0.7579752604166667 0.0011393229166666479 0.7579752604166667 0.10042317708333331 0.6554361979166667 0.10042317708333331
0 0.7254231770833333 0.022298177083333315 0.84423828125 0.022298177083333315 0.84423828125 0.15413411458333334 0.7254231770833333 0.15413411458333334
0 0.8328450520833333 0.05973307291666665 0.9044596354166667 0.05973307291666665 0.9044596354166667 0.15250651041666666 0.8328450520833333 0.15250651041666666
0 0.9012044270833333 0.09065755208333331 0.99072265625 0.09065755208333331 0.99072265625 0.17854817708333334 0.9012044270833333 0.17854817708333334
0 0.92724609375 0.2664388020833333 0.998046875 0.2664388020833333 0.998046875 0.3572484997735506 0.92724609375 0.3572484997735506
0 0.8605143229166667 0.24527994791666666 0.94189453125 0.24527994791666666 0.94189453125 0.35758463541666663 0.8605143229166667 0.35758463541666663
0 0.7937825520833333 0.22900390625 0.8800455729166667 0.22900390625 0.8800455729166667 0.3250325520833333 0.7937825520833333 0.3250325520833333
0 0.7286783854166667 0.21435546875 0.80517578125 0.21435546875 0.80517578125 0.3103841145833333 0.7286783854166667 0.3103841145833333
0 0.65380859375 0.18668619791666666 0.7384440104166667 0.18668619791666666 0.7384440104166667 0.3006184895833333 0.65380859375 0.3006184895833333
0 0.5870768229166667 0.15250651041666666 0.6814778645833333 0.15250651041666666 0.6814778645833333 0.2615559895833333 0.5870768229166667 0.2615559895833333
0 0.51708984375 0.11669921874999999 0.60009765625 0.11669921874999999 0.60009765625 0.21435546875 0.51708984375 0.21435546875
0 0.43896484375000006 0.10693359374999999 0.5252278645833333 0.10693359374999999 0.5252278645833333 0.20296223958333334 0.43896484375000006 0.20296223958333334
0 0.3624674479166667 0.07112630208333331 0.4650065104166667 0.07112630208333331 0.4650065104166667 0.18831380208333334 0.3624674479166667 0.18831380208333334
0 0.2989908854166667 0.038574218749999986 0.40478515625 0.038574218749999986 0.40478515625 0.15901692708333334 0.2989908854166667 0.15901692708333334
0 0.23876953125 0.006022135416666648 0.34130859375 0.006022135416666648 0.34130859375 0.12972005208333334 0.23876953125 0.12972005208333334
0 0.16878255208333331 0.0011393229166666479 0.2745768229166667 0.0011393229166666479 0.2745768229166667 0.10205078124999999 0.16878255208333331 0.10205078124999999
0 0.025553385416666657 0.11995442708333331 0.10367838541666666 0.11995442708333331 0.10367838541666666 0.22086588541666666 0.025553385416666657 0.22086588541666666
0 0.07275390625 0.06624348958333331 0.14599609375 0.06624348958333331 0.14599609375 0.12809244791666666 0.07275390625 0.12809244791666666
0 0.09228515625 0.14599609375 0.18343098958333331 0.14599609375 0.18343098958333331 0.25992838541666663 0.09228515625 0.25992838541666663
0 0.19645182291666669 0.14599609375 0.2762044270833333 0.14599609375 0.2762044270833333 0.21598307291666666 0.19645182291666669 0.21598307291666666
0 0.21272786458333331 0.19970703125 0.3185221354166667 0.19970703125 0.3185221354166667 0.3396809895833333 0.21272786458333331 0.3396809895833333
0 0.28759765625 0.23876953125 0.3771158854166667 0.23876953125 0.3771158854166667 0.3592122395833333 0.28759765625 0.3592122395833333
0 0.36083984375 0.22574869791666666 0.4698893229166667 0.22574869791666666 0.4698893229166667 0.37548828125 0.36083984375 0.37548828125
0 0.4405924479166667 0.2664388020833333 0.5447591145833333 0.2664388020833333 0.5447591145833333 0.4178059895833333 0.4405924479166667 0.4178059895833333
0 0.5187174479166667 0.24365234375 0.64404296875 0.24365234375 0.64404296875 0.4471028645833333 0.5187174479166667 0.4471028645833333
0 0.5968424479166667 0.3201497395833333 0.7042643229166667 0.3201497395833333 0.7042643229166667 0.4763997395833333 0.5968424479166667 0.4763997395833333
0 0.6619466145833333 0.35270182291666663 0.7596028645833333 0.35270182291666663 0.7596028645833333 0.49755859375 0.6619466145833333 0.49755859375
0 0.7351888020833333 0.3787434895833333 0.8409830729166667 0.3787434895833333 0.8409830729166667 0.51708984375 0.7351888020833333 0.51708984375
0 0.8084309895833333 0.38688151041666663 0.9109700520833333 0.38688151041666663 0.9109700520833333 0.5301106770833334 0.8084309895833333 0.5301106770833334
0 0.8767903645833333 0.40478515625 0.9793294270833333 0.40478515625 0.9793294270833333 0.5642903645833334 0.8767903645833333 0.5642903645833334
0 0.92724609375 0.62939453125 0.998046875 0.62939453125 0.998046875 0.7740088929521278 0.92724609375 0.7740088929521278
0 0.82470703125 0.60986328125 0.93701171875 0.60986328125 0.93701171875 0.77587890625 0.82470703125 0.77587890625
0 0.78076171875 0.5887044270833334 0.86865234375 0.5887044270833334 0.86865234375 0.7335611979166666 0.78076171875 0.7335611979166666
0 0.69775390625 0.5528971354166666 0.8084309895833333 0.5528971354166666 0.8084309895833333 0.71240234375 0.69775390625 0.71240234375
0 0.6131184895833333 0.52685546875 0.7254231770833333 0.52685546875 0.7254231770833333 0.7449544270833334 0.6131184895833333 0.7449544270833334
0 0.46337890625000006 0.50244140625 0.6326497395833333 0.50244140625 0.6326497395833333 0.6700846354166666 0.46337890625000006 0.6700846354166666
0 0.4275716145833333 0.49430338541666663 0.50244140625 0.49430338541666663 0.50244140625 0.57568359375 0.4275716145833333 0.57568359375
0 0.3347981770833333 0.4519856770833333 0.44384765625000006 0.4519856770833333 0.44384765625000006 0.6033528645833334 0.3347981770833333 0.6033528645833334
0 0.2810872395833333 0.43082682291666663 0.3771158854166667 0.43082682291666663 0.3771158854166667 0.5431315104166666 0.2810872395833333 0.5431315104166666
0 0.21761067708333331 0.39501953125 0.2989908854166667 0.39501953125 0.2989908854166667 0.51220703125 0.21761067708333331 0.51220703125
0 0.15250651041666666 0.36572265625 0.23388671875 0.36572265625 0.23388671875 0.46337890625 0.15250651041666666 0.46337890625
0 0.10367838541666666 0.34293619791666663 0.17203776041666669 0.34293619791666663 0.17203776041666669 0.4275716145833333 0.10367838541666666 0.4275716145833333
0 0.028808593749999986 0.3055013020833333 0.11507161458333331 0.3055013020833333 0.11507161458333331 0.41943359375 0.028808593749999986 0.41943359375
0 0.002766927083333315 0.4519856770833333 0.09716796875 0.4519856770833333 0.09716796875 0.6228841145833334 0.002766927083333315 0.6228841145833334
0 0.07926432291666666 0.5496419270833334 0.16715494791666669 0.5496419270833334 0.16715494791666669 0.6407877604166666 0.07926432291666666 0.6407877604166666
0 0.16389973958333331 0.58056640625 0.22737630208333331 0.58056640625 0.22737630208333331 0.66357421875 0.16389973958333331 0.66357421875
0 0.22249348958333331 0.5675455729166666 0.3152669270833333 0.5675455729166666 0.3152669270833333 0.6961263020833334 0.22249348958333331 0.6961263020833334
0 0.3038736979166667 0.6228841145833334 0.3771158854166667 0.6228841145833334 0.3771158854166667 0.7303059895833334 0.3038736979166667 0.7303059895833334
0 0.3592122395833333 0.62451171875 0.4471028645833333 0.62451171875 0.4471028645833333 0.7547200520833334 0.3592122395833333 0.7547200520833334
0 0.4275716145833333 0.64404296875 0.53173828125 0.64404296875 0.53173828125 0.76611328125 0.4275716145833333 0.76611328125
0 0.49267578125000006 0.68310546875 0.59033203125 0.68310546875 0.59033203125 0.8116861979166666 0.49267578125000006 0.8116861979166666
0 0.5789388020833333 0.7156575520833334 0.68310546875 0.7156575520833334 0.68310546875 0.8507486979166666 0.5789388020833333 0.8507486979166666
0 0.6554361979166667 0.7400716145833334 0.74169921875 0.7400716145833334 0.74169921875 0.8572591145833334 0.6554361979166667 0.8572591145833334
0 0.73681640625 0.78076171875 0.8181966145833333 0.78076171875 0.8181966145833333 0.8865559895833334 0.73681640625 0.8865559895833334
0 0.8035481770833333 0.80517578125 0.8849283854166667 0.80517578125 0.8849283854166667 0.9012044270833334 0.8035481770833333 0.9012044270833334
0 0.8800455729166667 0.7823893229166666 0.9679361979166667 0.7823893229166666 0.9679361979166667 0.9288736979166666 0.8800455729166667 0.9288736979166666
0 0.9646809895833333 0.7888997395833334 0.998046875 0.7888997395833334 0.998046875 0.90634765625 0.9646809895833333 0.90634765625
