0 0.8531073446327684 0.0023393361581920953 0.998046875 0.0023393361581920953 0.998046875 0.06931896761577644 0.8531073446327684 0.06931896761577644
0 0.8674523305084745 0.07627118644067797 0.9844191384180792 0.07627118644067797 0.9844191384180792 0.14247881355932204 0.8674523305084745 0.14247881355932204
0 0.8961423022598869 0.14027189265536724 0.9943502824858756 0.14027189265536724 0.9943502824858756 0.2119968220338983 0.8961423022598869 0.2119968220338983
0 0.9535222457627119 0.2164106638418079 0.9965572033898304 0.2164106638418079 0.9965572033898304 0.271583686440678 0.9535222457627119 0.271583686440678
0 0.9204184322033899 0.2892390536723164 0.998046875 0.2892390536723164 0.998046875 0.35197984990519315 0.9204184322033899 0.35197984990519315
0 0.9149011299435028 0.3664812853107345 0.9943502824858756 0.3664812853107345 0.9943502824858756 0.466896186440678 0.9149011299435028 0.466896186440678
0 0.8840042372881356 0.5077242231638418 0.9601430084745763 0.5077242231638418 0.9601430084745763 0.6268979519774011 0.8840042372881356 0.6268979519774011
0 0.7968308615819208 0.5242761299435028 0.8762800141242937 0.5242761299435028 0.8762800141242937 0.6401394774011299 0.7968308615819208 0.6401394774011299
0 0.9656603107344632 0.4900688559322034 0.9965572033898304 0.4900688559322034 0.9965572033898304 0.6114495056497175 0.9656603107344632 0.6114495056497175
0 0.7162782485875707 0.4547581214689266 0.7924170197740112 0.4547581214689266 0.7924170197740112 0.5816560734463276 0.7162782485875707 0.5816560734463276
0 0.7979343220338984 0.4359992937853107 0.8431762005649717 0.4359992937853107 0.8431762005649717 0.5198622881355932 0.7979343220338984 0.5198622881355932
0 0.7626235875706215 0.3135151836158192 0.8663488700564972 0.3135151836158192 0.8663488700564972 0.3841366525423729 0.7626235875706215 0.3841366525423729
0 0.6368290960451978 0.3719985875706215 0.7548993644067796 0.3719985875706215 0.7548993644067796 0.4481373587570622 0.6368290960451978 0.4481373587570622
0 0.64013947740113 0.288135593220339 0.7195886299435028 0.288135593220339 0.7195886299435028 0.3742055084745763 0.64013947740113 0.3742055084745763
0 0.7251059322033899 0.2175141242937853 0.8442796610169492 0.2175141242937853 0.8442796610169492 0.3113082627118644 0.7251059322033899 0.3113082627118644
0 0.6136564265536724 0.1987552966101695 0.7217955508474576 0.1987552966101695 0.7217955508474576 0.288135593220339 0.6136564265536724 0.288135593220339
0 0.5805526129943502 0.08509887005649718 0.7085540254237288 0.08509887005649718 0.7085540254237288 0.1998587570621469 0.5805526129943502 0.1998587570621469
0 0.7195886299435028 0.07516772598870057 0.8189000706214689 0.07516772598870057 0.8189000706214689 0.15682379943502825 0.7195886299435028 0.15682379943502825
0 0.7438647598870056 0.16785840395480225 0.8398658192090396 0.16785840395480225 0.8398658192090396 0.2164106638418079 0.7438647598870056 0.2164106638418079
0 0.6853813559322034 0.007856638418079102 0.7979343220338984 0.007856638418079102 0.7979343220338984 0.06854696327683617 0.6853813559322034 0.06854696327683617
0 0.5562764830508474 0.0034427966101694967 0.673243290960452 0.0034427966101694967 0.673243290960452 0.07958156779661017 0.5562764830508474 0.07958156779661017
0 0.4547581214689266 0.011167019774011305 0.549655720338983 0.011167019774011305 0.549655720338983 0.08840925141242939 0.4547581214689266 0.08840925141242939
0 0.37861935028248583 0.051995056497175146 0.4459304378531074 0.051995056497175146 0.4459304378531074 0.13365112994350284 0.37861935028248583 0.13365112994350284
0 0.4691031073446328 0.12923728813559324 0.5739318502824858 0.12923728813559324 0.5739318502824858 0.1910310734463277 0.4691031073446328 0.1910310734463277
0 0.5011034604519774 0.1976518361581921 0.5794491525423728 0.1976518361581921 0.5794491525423728 0.260549081920904 0.5011034604519774 0.260549081920904
0 0.40179201977401124 0.15792725988700565 0.4635858050847458 0.15792725988700565 0.4635858050847458 0.282618290960452 0.40179201977401124 0.282618290960452
0 0.4713100282485876 0.2031691384180791 0.4966896186440678 0.2031691384180791 0.4966896186440678 0.2980667372881356 0.4713100282485876 0.2980667372881356
0 0.4988965395480226 0.2649629237288136 0.5783456920903954 0.2649629237288136 0.5783456920903954 0.3035840395480226 0.4988965395480226 0.3035840395480226
0 0.527586511299435 0.332274011299435 0.588276836158192 0.332274011299435 0.588276836158192 0.4128266242937853 0.527586511299435 0.4128266242937853
0 0.293652895480226 0.06744350282485877 0.36979166666666663 0.06744350282485877 0.36979166666666663 0.2031691384180791 0.293652895480226 0.2031691384180791
0 0.05861581920903958 0.07185734463276837 0.16344456214689268 0.07185734463276837 0.16344456214689268 0.17227224576271186 0.05861581920903958 0.17227224576271186
0 0.14689265536723162 0.0034427966101694967 0.24510063559322037 0.0034427966101694967 0.24510063559322037 0.047581214689265544 0.14689265536723162 0.047581214689265544
0 0.025512005649717506 0.0001324152542372932 0.14027189265536721 0.0001324152542372932 0.14027189265536721 0.06744350282485877 0.025512005649717506 0.06744350282485877
0 0.1822033898305085 0.13144420903954804 0.277100988700565 0.13144420903954804 0.277100988700565 0.22965218926553674 0.1822033898305085 0.22965218926553674
0 0.06413312146892658 0.1777895480225989 0.1822033898305085 0.1777895480225989 0.1822033898305085 0.2517213983050848 0.06413312146892658 0.2517213983050848
0 0.08840925141242939 0.2539283192090396 0.1910310734463277 0.2539283192090396 0.1910310734463277 0.3146186440677966 0.08840925141242939 0.3146186440677966
0 0.1932379943502825 0.23847987288135594 0.2815148305084746 0.23847987288135594 0.2815148305084746 0.288135593220339 0.1932379943502825 0.288135593220339
0 0.2815148305084746 0.23847987288135594 0.3609639830508474 0.23847987288135594 0.3609639830508474 0.3278601694915254 0.2815148305084746 0.3278601694915254
0 0.326756709039548 0.332274011299435 0.42937853107344637 0.332274011299435 0.42937853107344637 0.4039989406779661 0.326756709039548 0.4039989406779661
0 0.3642743644067796 0.4382062146892655 0.4757238700564972 0.4382062146892655 0.4757238700564972 0.5099311440677966 0.3642743644067796 0.5099311440677966
0 0.4790342514124294 0.461378884180791 0.5816560734463276 0.461378884180791 0.5816560734463276 0.5573799435028248 0.4790342514124294 0.5573799435028248
0 0.1115819209039548 0.3179290254237288 0.2075829802259887 0.3179290254237288 0.2075829802259887 0.4139300847457627 0.1115819209039548 0.4139300847457627
0 0.0023393361581920957 0.3146186440677966 0.08178848870056499 0.3146186440677966 0.08178848870056499 0.4238612288135593 0.0023393361581920957 0.4238612288135593
0 0.21199682203389836 0.3024805790960452 0.2815148305084746 0.3024805790960452 0.2815148305084746 0.3731020480225989 0.21199682203389836 0.3731020480225989
0 0.1822033898305085 0.4194473870056497 0.2804113700564972 0.4194473870056497 0.2804113700564972 0.5143449858757062 0.1822033898305085 0.5143449858757062
0 0.22744526836158196 0.5187588276836158 0.3068944209039548 0.5187588276836158 0.3068944209039548 0.6037252824858756 0.22744526836158196 0.6037252824858756
0 0.3091013418079096 0.5397245762711864 0.37199858757062143 0.5397245762711864 0.37199858757062143 0.6257944915254237 0.3091013418079096 0.6257944915254237
0 0.2693767655367232 0.6081391242937852 0.3057909604519774 0.6081391242937852 0.3057909604519774 0.6511740819209039 0.2693767655367232 0.6511740819209039
0 0.37641242937853103 0.5452418785310734 0.4591719632768362 0.5452418785310734 0.4591719632768362 0.6412429378531073 0.37641242937853103 0.6412429378531073
0 0.3201359463276836 0.6467602401129943 0.41834392655367236 0.6467602401129943 0.41834392655367236 0.7217955508474576 0.3201359463276836 0.7217955508474576
0 0.4911723163841808 0.5695180084745762 0.5783456920903954 0.5695180084745762 0.5783456920903954 0.6302083333333333 0.4911723163841808 0.6302083333333333
0 0.5794491525423728 0.5584834039548022 0.6776571327683616 0.5584834039548022 0.6776571327683616 0.6897951977401129 0.5794491525423728 0.6897951977401129
0 0.41944738700564976 0.6412429378531073 0.538621115819209 0.6412429378531073 0.538621115819209 0.7471751412429378 0.41944738700564976 0.7471751412429378
0 0.9579360875706215 0.8233139124293785 0.997660663841808 0.8233139124293785 0.997660663841808 0.9590395480225988 0.9579360875706215 0.9590395480225988
0 0.8939353813559321 0.7868997175141242 0.9524187853107344 0.7868997175141242 0.9524187853107344 0.8994526836158192 0.8939353813559321 0.8994526836158192
0 0.8189000706214689 0.7416578389830508 0.8939353813559321 0.7416578389830508 0.8939353813559321 0.8751765536723163 0.8189000706214689 0.8751765536723163
0 0.7140713276836159 0.7537959039548022 0.8155896892655368 0.7537959039548022 0.8155896892655368 0.8619350282485875 0.7140713276836159 0.8619350282485875
0 0.6379325564971752 0.789106638418079 0.7019332627118644 0.789106638418079 0.7019332627118644 0.8663488700564971 0.6379325564971752 0.8663488700564971
0 0.544138418079096 0.8012447033898304 0.6313117937853108 0.8012447033898304 0.6313117937853108 0.9104872881355932 0.544138418079096 0.9104872881355932
0 0.6434498587570622 0.8740730932203389 0.7251059322033899 0.8740730932203389 0.7251059322033899 0.934763418079096 0.6434498587570622 0.934763418079096
0 0.7251059322033899 0.8674523305084745 0.8111758474576272 0.8674523305084745 0.8111758474576272 0.9965572033898304 0.7251059322033899 0.9965572033898304
0 0.645656779661017 0.9391772598870056 0.7096574858757062 0.9391772598870056 0.7096574858757062 0.9921433615819208 0.645656779661017 0.9921433615819208
0 0.42165430790960456 0.8906249999999999 0.5022069209039548 0.8906249999999999 0.5022069209039548 0.9811087570621468 0.42165430790960456 0.9811087570621468
0 0.3146186440677966 0.9502118644067796 0.41393008474576276 0.9502118644067796 0.41393008474576276 0.9976606638418078 0.3146186440677966 0.9976606638418078
0 0.2704802259887006 0.7493820621468926 0.348825918079096 0.7493820621468926 0.348825918079096 0.8442796610169491 0.2704802259887006 0.8442796610169491
0 0.1910310734463277 0.6853813559322033 0.271583686440678 0.6853813559322033 0.271583686440678 0.8034516242937852 0.1910310734463277 0.8034516242937852
0 0.07516772598870058 0.5971045197740112 0.1888241525423729 0.5971045197740112 0.1888241525423729 0.7405543785310734 0.07516772598870058 0.7405543785310734
0 0.00013241525423729472 0.4801377118644068 0.07185734463276838 0.4801377118644068 0.07185734463276838 0.5960010593220338 0.00013241525423729472 0.5960010593220338
0 0.07847810734463279 0.533103813559322 0.136961511299435 0.533103813559322 0.136961511299435 0.5915872175141242 0.07847810734463279 0.5915872175141242
0 0.005649717514124297 0.756002824858757 0.0994438559322034 0.756002824858757 0.0994438559322034 0.8950388418079096 0.005649717514124297 0.8950388418079096
0 0.1016507768361582 0.7714512711864406 0.1777895480225989 0.7714512711864406 0.1777895480225989 0.8851076977401129 0.1016507768361582 0.8851076977401129
0 0.1822033898305085 0.8486935028248587 0.2561352401129944 0.8486935028248587 0.2561352401129944 0.9336599576271186 0.1822033898305085 0.9336599576271186
0 0.103857697740113 0.896142302259887 0.1777895480225989 0.896142302259887 0.1777895480225989 0.9943502824858756 0.103857697740113 0.9943502824858756
