0 0.04345703125 0.6961263020833334 0.14599609375 0.6961263020833334 0.14599609375 0.8116861979166666 0.04345703125 0.8116861979166666
0 0.13785807291666666 0.70751953125 0.23551432291666669 0.70751953125 0.23551432291666669 0.8263346354166666 0.13785807291666666 0.8263346354166666
0 0.21923828125 0.7156575520833334 0.3201497395833333 0.7156575520833334 0.3201497395833333 0.8230794270833334 0.21923828125 0.8230794270833334
0 0.3087565104166667 0.71728515625 0.39990234375 0.71728515625 0.39990234375 0.8572591145833334 0.3087565104166667 0.8572591145833334
0 0.4080403645833333 0.7286783854166666 0.50244140625 0.7286783854166666 0.50244140625 0.8409830729166666 0.4080403645833333 0.8409830729166666
0 0.09879557291666666 0.83935546875 0.22900390625 0.83935546875 0.22900390625 0.9679361979166666 0.09879557291666666 0.9679361979166666
0 0.20296223958333331 0.90283203125 0.33206711246468923 0.90283203125 0.33206711246468923 0.998046875 0.20296223958333331 0.998046875
0 0.29248046875 0.9305013020833334 0.4181466509205422 0.9305013020833334 0.4181466509205422 0.998046875 0.29248046875 0.998046875
0 0.7547200520833333 0.7547200520833334 0.8409830729166667 0.7547200520833334 0.8409830729166667 0.8946940104166666 0.7547200520833333 0.8946940104166666
0 0.8458658854166667 0.7921549479166666 0.9435221354166667 0.7921549479166666 0.9435221354166667 0.90771484375 0.8458658854166667 0.90771484375
0 0.9337565104166667 0.80029296875 0.998046875 0.80029296875 0.998046875 0.9240519205729169 0.9337565104166667 0.9240519205729169
0 0.57080078125 0.5105794270833334 0.6896158854166667 0.5105794270833334 0.6896158854166667 0.6456705729166666 0.57080078125 0.6456705729166666
0 0.6961263020833333 0.51708984375 0.82470703125 0.51708984375 0.82470703125 0.6668294270833334 0.6961263020833333 0.6668294270833334
0 0.82958984375 0.5691731770833334 0.93212890625 0.5691731770833334 0.93212890625 0.6798502604166666 0.82958984375 0.6798502604166666
0 0.9353841145833333 0.5496419270833334 0.998046875 0.5496419270833334 0.998046875 0.6851683624031009 0.9353841145833333 0.6851683624031009
0 0.6082356770833333 0.36083984375 0.70751953125 0.36083984375 0.70751953125 0.42431640625 0.6082356770833333 0.42431640625
0 0.6912434895833333 0.28434244791666663 0.7286783854166667 0.28434244791666663 0.7286783854166667 0.35270182291666663 0.6912434895833333 0.35270182291666663
0 0.72705078125 0.2908528645833333 0.86376953125 0.2908528645833333 0.86376953125 0.44384765625 0.72705078125 0.44384765625
