0 0.22249348958333331 0.0011393229166666479 0.3006184895833333 0.0011393229166666479 0.3006184895833333 0.053222656249999986 0.22249348958333331 0.053222656249999986
0 0.13623046875 0.007649739583333316 0.24365234375 0.007649739583333316 0.24365234375 0.10205078124999999 0.13623046875 0.10205078124999999
0 0.07926432291666666 0.04508463541666665 0.14762369791666666 0.04508463541666665 0.14762369791666666 0.12646484375 0.07926432291666666 0.12646484375
0 0.007649739583333315 0.08089192708333331 0.07600911458333331 0.08089192708333331 0.07600911458333331 0.17854817708333334 0.007649739583333315 0.17854817708333334
0 0.004394531249999986 0.26969401041666663 0.05322265625 0.26969401041666663 0.05322265625 0.34130859375 0.004394531249999986 0.34130859375
0 0.07438151041666666 0.23388671875 0.14925130208333331 0.23388671875 0.14925130208333331 0.31852213541666663 0.07438151041666666 0.31852213541666663
0 0.13785807291666666 0.19156901041666666 0.20947265625 0.19156901041666666 0.20947265625 0.2810872395833333 0.13785807291666666 0.2810872395833333
0 0.20296223958333331 0.15576171875 0.3006184895833333 0.15576171875 0.3006184895833333 0.2517903645833333 0.20296223958333331 0.2517903645833333
0 0.2892252604166667 0.12972005208333334 0.3689778645833333 0.12972005208333334 0.3689778645833333 0.21435546875 0.2892252604166667 0.21435546875
0 0.3331705729166667 0.0011393229166666479 0.41943359375000006 0.0011393229166666479 0.41943359375000006 0.058105468749999986 0.3331705729166667 0.058105468749999986
0 0.3738606770833333 0.05647786458333332 0.47314453125000006 0.05647786458333332 0.47314453125000006 0.18994140625 0.3738606770833333 0.18994140625
0 0.4601236979166667 0.048339843749999986 0.54638671875 0.048339843749999986 0.54638671875 0.13297526041666666 0.4601236979166667 0.13297526041666666
0 0.5349934895833333 0.004394531249999982 0.6261393229166667 0.004394531249999982 0.6261393229166667 0.10530598958333331 0.5349934895833333 0.10530598958333331
0 0.6261393229166667 0.004394531249999982 0.7042643229166667 0.004394531249999982 0.7042643229166667 0.07275390624999999 0.6261393229166667 0.07275390624999999
0 0.7156575520833333 0.0011393229166666479 0.80029296875 0.0011393229166666479 0.80029296875 0.023925781249999983 0.7156575520833333 0.023925781249999983
1 0.002766927083333315 0.46500651041666663 0.09228515625 0.46500651041666663 0.09228515625 0.60009765625 0.002766927083333315 0.60009765625
1 0.05485026041666666 0.43896484375 0.17041015625 0.43896484375 0.17041015625 0.59521484375 0.05485026041666666 0.59521484375
0 0.14599609375 0.4178059895833333 0.21761067708333331 0.4178059895833333 0.21761067708333331 0.5040690104166666 0.14599609375 0.5040690104166666
0 0.20947265625 0.37060546875 0.3055013020833333 0.37060546875 0.3055013020833333 0.46826171875 0.20947265625 0.46826171875
0 0.2908528645833333 0.33805338541666663 0.4080403645833333 0.33805338541666663 0.4080403645833333 0.45849609375 0.2908528645833333 0.45849609375
0 0.3819986979166667 0.3055013020833333 0.4747721354166667 0.3055013020833333 0.4747721354166667 0.40641276041666663 0.3819986979166667 0.40641276041666663
0 0.4471028645833333 0.48779296875 0.5236002604166667 0.48779296875 0.5236002604166667 0.5626627604166666 0.4471028645833333 0.5626627604166666
0 0.35595703125 0.5105794270833334 0.45361328125000006 0.5105794270833334 0.45361328125000006 0.6017252604166666 0.35595703125 0.6017252604166666
0 0.2859700520833333 0.5349934895833334 0.3722330729166667 0.5349934895833334 0.3722330729166667 0.6228841145833334 0.2859700520833333 0.6228841145833334
0 0.21435546875 0.5821940104166666 0.2762044270833333 0.5821940104166666 0.2762044270833333 0.6554361979166666 0.21435546875 0.6554361979166666
1 0.11181640625 0.5642903645833334 0.23063151041666669 0.5642903645833334 0.23063151041666669 0.71728515625 0.11181640625 0.71728515625
1 0.032063802083333315 0.6082356770833334 0.16389973958333331 0.6082356770833334 0.16389973958333331 0.79052734375 0.032063802083333315 0.79052734375
0 0.5431315104166667 0.42431640625 0.6375325520833333 0.42431640625 0.6375325520833333 0.5301106770833334 0.5431315104166667 0.5301106770833334
0 0.47802734375000006 0.2859700520833333 0.5577799479166667 0.2859700520833333 0.5577799479166667 0.3640950520833333 0.47802734375000006 0.3640950520833333
0 0.54638671875 0.23876953125 0.6521809895833333 0.23876953125 0.6521809895833333 0.32666015625 0.54638671875 0.32666015625
0 0.63427734375 0.21272786458333334 0.7286783854166667 0.21272786458333334 0.7286783854166667 0.29410807291666663 0.63427734375 0.29410807291666663
0 0.7107747395833333 0.17041015625 0.80517578125 0.17041015625 0.80517578125 0.28759765625 0.7107747395833333 0.28759765625
1 0.7823893229166667 0.10530598958333331 0.9158528645833333 0.10530598958333331 0.9158528645833333 0.24039713541666666 0.7823893229166667 0.24039713541666666
0 0.61962890625 0.39990234375 0.7205403645833333 0.39990234375 0.7205403645833333 0.4861653645833333 0.61962890625 0.4861653645833333
0 0.6912434895833333 0.34619140625 0.7840169270833333 0.34619140625 0.7840169270833333 0.42919921875 0.6912434895833333 0.42919921875
2 0.7823893229166667 0.30387369791666663 0.8995768229166667 0.30387369791666663 0.8995768229166667 0.49430338541666663 0.7823893229166667 0.49430338541666663
0 0.8816731770833333 0.42431640625 0.9630533854166667 0.42431640625 0.9630533854166667 0.5056966145833334 0.8816731770833333 0.5056966145833334
0 0.9207356770833333 0.37060546875 0.98583984375 0.37060546875 0.98583984375 0.43082682291666663 0.9207356770833333 0.43082682291666663
0 0.93212890625 0.45035807291666663 0.998046875 0.45035807291666663 0.998046875 0.5679764093137255 0.93212890625 0.5679764093137255
0 0.9630533854166667 0.24853515625000003 0.998046875 0.24853515625000003 0.998046875 0.3390355603448275 0.9630533854166667 0.3390355603448275
0 0.6798502604166667 0.5740559895833334 0.80517578125 0.5740559895833334 0.80517578125 0.67822265625 0.6798502604166667 0.67822265625
0 0.5675455729166667 0.6261393229166666 0.6847330729166667 0.6261393229166666 0.6847330729166667 0.73681640625 0.5675455729166667 0.73681640625
0 0.4910481770833333 0.6765950520833334 0.5789388020833333 0.6765950520833334 0.5789388020833333 0.75634765625 0.4910481770833333 0.75634765625
0 0.40478515625 0.7010091145833334 0.4943033854166667 0.7010091145833334 0.4943033854166667 0.7937825520833334 0.40478515625 0.7937825520833334
0 0.3347981770833333 0.7449544270833334 0.42431640625000006 0.7449544270833334 0.42431640625000006 0.85400390625 0.3347981770833333 0.85400390625
1 0.24527994791666669 0.7547200520833334 0.3738606770833333 0.7547200520833334 0.3738606770833333 0.9093424479166666 0.24527994791666669 0.9093424479166666
2 0.002766927083333315 0.83935546875 0.23921712239583326 0.83935546875 0.23921712239583326 0.998046875 0.002766927083333315 0.998046875
0 0.7791341145833333 0.6131184895833334 0.87353515625 0.6131184895833334 0.87353515625 0.7010091145833334 0.7791341145833333 0.7010091145833334
1 0.61962890625 0.7205403645833334 0.7677408854166667 0.7205403645833334 0.7677408854166667 0.83447265625 0.61962890625 0.83447265625
0 0.5968424479166667 0.8181966145833334 0.6765950520833333 0.8181966145833334 0.6765950520833333 0.89306640625 0.5968424479166667 0.89306640625
0 0.5333658854166667 0.8507486979166666 0.60009765625 0.8507486979166666 0.60009765625 0.92236328125 0.5333658854166667 0.92236328125
0 0.44384765625000006 0.90283203125 0.5745663400423728 0.90283203125 0.5745663400423728 0.998046875 0.44384765625000006 0.998046875
0 0.76123046875 0.9386393229166666 0.85888671875 0.9386393229166666 0.85888671875 0.99072265625 0.76123046875 0.99072265625
0 0.8279622395833333 0.86376953125 0.9451497395833333 0.86376953125 0.9451497395833333 0.98095703125 0.8279622395833333 0.98095703125
0 0.8963216145833333 0.7872721354166666 0.99072265625 0.7872721354166666 0.99072265625 0.88330078125 0.8963216145833333 0.88330078125
0 0.9630533854166667 0.7303059895833334 0.998046875 0.7303059895833334 0.998046875 0.8106614101080245 0.9630533854166667 0.8106614101080245
