0 0.9337565104166667 0.004394531249999982 0.9777018229166667 0.004394531249999982 0.9777018229166667 0.048339843749999986 0.9337565104166667 0.048339843749999986
0 0.90283203125 0.08577473958333331 0.998046875 0.08577473958333331 0.998046875 0.1918712797619047 0.90283203125 0.1918712797619047
0 0.83447265625 0.05159505208333332 0.9012044270833333 0.05159505208333332 0.9012044270833333 0.15576171875 0.83447265625 0.15576171875
1 0.73193359375 0.004394531249999982 0.8263346354166667 0.004394531249999982 0.8263346354166667 0.13785807291666666 0.73193359375 0.13785807291666666
0 0.6570638020833333 0.002766927083333315 0.75634765625 0.002766927083333315 0.75634765625 0.11018880208333331 0.6570638020833333 0.11018880208333331
0 0.5821940104166667 0.006022135416666648 0.67822265625 0.006022135416666648 0.67822265625 0.08577473958333331 0.5821940104166667 0.08577473958333331
0 0.48779296875000006 0.0011393229166666479 0.5870768229166667 0.0011393229166666479 0.5870768229166667 0.07112630208333331 0.48779296875000006 0.07112630208333331
0 0.3836263020833333 0.002766927083333315 0.48291015625000006 0.002766927083333315 0.48291015625000006 0.028808593749999983 0.3836263020833333 0.028808593749999983
0 0.9402669270833333 0.26481119791666663 0.998046875 0.26481119791666663 0.998046875 0.35814803685897445 0.9402669270833333 0.35814803685897445
0 0.85888671875 0.24202473958333334 0.93701171875 0.24202473958333334 0.93701171875 0.36572265625 0.85888671875 0.36572265625
0 0.7970377604166667 0.22737630208333334 0.8751627604166667 0.22737630208333334 0.8751627604166667 0.32666015625 0.7970377604166667 0.32666015625
0 0.72705078125 0.21272786458333334 0.8068033854166667 0.21272786458333334 0.8068033854166667 0.30875651041666663 0.72705078125 0.30875651041666663
0 0.6521809895833333 0.18180338541666666 0.7351888020833333 0.18180338541666666 0.7351888020833333 0.3055013020833333 0.6521809895833333 0.3055013020833333
0 0.5935872395833333 0.14925130208333334 0.6765950520833333 0.14925130208333334 0.6765950520833333 0.26481119791666663 0.5935872395833333 0.26481119791666663
0 0.5203450520833333 0.11507161458333331 0.59033203125 0.11507161458333331 0.59033203125 0.21598307291666666 0.5203450520833333 0.21598307291666666
0 0.4422200520833333 0.10367838541666664 0.5154622395833333 0.10367838541666664 0.5154622395833333 0.20133463541666666 0.4422200520833333 0.20133463541666666
0 0.3640950520833333 0.06949869791666664 0.46826171875000006 0.06949869791666664 0.46826171875000006 0.18668619791666666 0.3640950520833333 0.18668619791666666
0 0.29248046875 0.04671223958333332 0.39990234375 0.04671223958333332 0.39990234375 0.16552734375 0.29248046875 0.16552734375
0 0.23551432291666669 0.006022135416666648 0.3478190104166667 0.006022135416666648 0.3478190104166667 0.13623046875 0.23551432291666669 0.13623046875
0 0.17203776041666669 0.002766927083333315 0.28271484375 0.002766927083333315 0.28271484375 0.09554036458333331 0.17203776041666669 0.09554036458333331
0 0.08577473958333331 0.0011393229166666479 0.19645182291666669 0.0011393229166666479 0.19645182291666669 0.08740234374999999 0.08577473958333331 0.08740234374999999
0 0.014160156249999986 0.002766927083333315 0.11995442708333331 0.002766927083333315 0.11995442708333331 0.058105468749999986 0.014160156249999986 0.058105468749999986
0 0.004394531249999986 0.08251953124999999 0.04833984375 0.08251953124999999 0.04833984375 0.19156901041666666 0.004394531249999986 0.19156901041666666
0 0.020670572916666657 0.06787109374999999 0.14436848958333331 0.06787109374999999 0.14436848958333331 0.23225911458333334 0.020670572916666657 0.23225911458333334
0 0.09065755208333331 0.14111328125 0.18831380208333331 0.14111328125 0.18831380208333331 0.2664388020833333 0.09065755208333331 0.2664388020833333
0 0.16389973958333331 0.09554036458333331 0.22086588541666669 0.09554036458333331 0.22086588541666669 0.15250651041666666 0.16389973958333331 0.15250651041666666
1 0.17366536458333331 0.13785807291666666 0.27783203125 0.13785807291666666 0.27783203125 0.23714192708333334 0.17366536458333331 0.23714192708333334
1 0.21272786458333331 0.20784505208333334 0.33154296875 0.20784505208333334 0.33154296875 0.33642578125 0.21272786458333331 0.33642578125
0 0.28271484375 0.21435546875 0.38525390625 0.21435546875 0.38525390625 0.36083984375 0.28271484375 0.36083984375
0 0.3592122395833333 0.23388671875 0.4552408854166667 0.23388671875 0.4552408854166667 0.40478515625 0.3592122395833333 0.40478515625
0 0.4373372395833333 0.25992838541666663 0.54150390625 0.25992838541666663 0.54150390625 0.42431640625 0.4373372395833333 0.42431640625
0 0.5203450520833333 0.2908528645833333 0.6163736979166667 0.2908528645833333 0.6163736979166667 0.46012369791666663 0.5203450520833333 0.46012369791666663
0 0.56591796875 0.23876953125 0.6472981770833333 0.23876953125 0.6472981770833333 0.31689453125 0.56591796875 0.31689453125
0 0.5919596354166667 0.32666015625 0.6944986979166667 0.32666015625 0.6944986979166667 0.48942057291666663 0.5919596354166667 0.48942057291666663
0 0.67333984375 0.35107421875 0.75634765625 0.35107421875 0.75634765625 0.5040690104166666 0.67333984375 0.5040690104166666
0 0.7335611979166667 0.37060546875 0.83447265625 0.37060546875 0.83447265625 0.53662109375 0.7335611979166667 0.53662109375
1 0.81982421875 0.3885091145833333 0.89794921875 0.3885091145833333 0.89794921875 0.55126953125 0.81982421875 0.55126953125
1 0.8865559895833333 0.40152994791666663 0.98095703125 0.40152994791666663 0.98095703125 0.57080078125 0.8865559895833333 0.57080078125
0 0.9679361979166667 0.44873046875 0.998046875 0.44873046875 0.998046875 0.5767008463541663 0.9679361979166667 0.5767008463541663
1 0.9239908854166667 0.62451171875 0.99560546875 0.62451171875 0.99560546875 0.7351888020833334 0.9239908854166667 0.7351888020833334
0 0.85888671875 0.6114908854166666 0.93701171875 0.6114908854166666 0.93701171875 0.7400716145833334 0.85888671875 0.7400716145833334
0 0.7791341145833333 0.58544921875 0.8605143229166667 0.58544921875 0.8605143229166667 0.73193359375 0.7791341145833333 0.73193359375
0 0.6944986979166667 0.5724283854166666 0.7937825520833333 0.5724283854166666 0.7937825520833333 0.71240234375 0.6944986979166667 0.71240234375
0 0.6131184895833333 0.56103515625 0.71728515625 0.56103515625 0.71728515625 0.74658203125 0.6131184895833333 0.74658203125
2 0.53173828125 0.5252278645833334 0.6619466145833333 0.5252278645833334 0.6619466145833333 0.6798502604166666 0.53173828125 0.6798502604166666
1 0.48291015625000006 0.5040690104166666 0.56103515625 0.5040690104166666 0.56103515625 0.6114908854166666 0.48291015625000006 0.6114908854166666
0 0.4259440104166667 0.49430338541666663 0.5040690104166667 0.49430338541666663 0.5040690104166667 0.5789388020833334 0.4259440104166667 0.5789388020833334
0 0.3445638020833333 0.4519856770833333 0.4324544270833333 0.4519856770833333 0.4324544270833333 0.5691731770833334 0.3445638020833333 0.5691731770833334
0 0.28759765625 0.43570963541666663 0.37060546875 0.43570963541666663 0.37060546875 0.5447591145833334 0.28759765625 0.5447591145833334
0 0.21761067708333331 0.40478515625 0.3006184895833333 0.40478515625 0.3006184895833333 0.51220703125 0.21761067708333331 0.51220703125
0 0.16227213541666666 0.3689778645833333 0.23876953125 0.3689778645833333 0.23876953125 0.47314453125 0.16227213541666666 0.47314453125
0 0.10042317708333331 0.3396809895833333 0.17203776041666669 0.3396809895833333 0.17203776041666669 0.43896484375 0.10042317708333331 0.43896484375
0 0.020670572916666657 0.30387369791666663 0.11669921875 0.30387369791666663 0.11669921875 0.41943359375 0.020670572916666657 0.41943359375
0 0.002766927083333315 0.26806640625 0.04996744791666666 0.26806640625 0.04996744791666666 0.39990234375 0.002766927083333315 0.39990234375
0 0.009277343749999986 0.4519856770833333 0.10205078125 0.4519856770833333 0.10205078125 0.6228841145833334 0.009277343749999986 0.6228841145833334
1 0.08089192708333331 0.55126953125 0.16878255208333331 0.55126953125 0.16878255208333331 0.6456705729166666 0.08089192708333331 0.6456705729166666
1 0.20947265625 0.5236002604166666 0.2696940104166667 0.5236002604166666 0.2696940104166667 0.59521484375 0.20947265625 0.59521484375
1 0.15901692708333331 0.5838216145833334 0.23225911458333331 0.5838216145833334 0.23225911458333331 0.66357421875 0.15901692708333331 0.66357421875
1 0.23063151041666669 0.5545247395833334 0.3136393229166667 0.5545247395833334 0.3136393229166667 0.69287109375 0.23063151041666669 0.69287109375
1 0.3006184895833333 0.58544921875 0.38525390625 0.58544921875 0.38525390625 0.7433268229166666 0.3006184895833333 0.7433268229166666
1 0.3624674479166667 0.6180013020833334 0.44384765625000006 0.6180013020833334 0.44384765625000006 0.75634765625 0.3624674479166667 0.75634765625
0 0.4373372395833333 0.6407877604166666 0.5187174479166667 0.6407877604166666 0.5187174479166667 0.7644856770833334 0.4373372395833333 0.7644856770833334
0 0.4959309895833333 0.6749674479166666 0.5887044270833333 0.6749674479166666 0.5887044270833333 0.8263346354166666 0.4959309895833333 0.8263346354166666
0 0.58056640625 0.7351888020833334 0.67333984375 0.7351888020833334 0.67333984375 0.8523763020833334 0.58056640625 0.8523763020833334
0 0.67333984375 0.7384440104166666 0.7384440104166667 0.7384440104166666 0.7384440104166667 0.8556315104166666 0.67333984375 0.8556315104166666
0 0.7433268229166667 0.7823893229166666 0.8035481770833333 0.7823893229166666 0.8035481770833333 0.88818359375 0.7433268229166667 0.88818359375
0 0.8068033854166667 0.79052734375 0.89306640625 0.79052734375 0.89306640625 0.91748046875 0.8068033854166667 0.91748046875
0 0.8279622395833333 0.73681640625 0.90771484375 0.73681640625 0.90771484375 0.8133138020833334 0.8279622395833333 0.8133138020833334
1 0.8914388020833333 0.7742513020833334 0.998046875 0.7742513020833334 0.998046875 0.9198989509976525 0.8914388020833333 0.9198989509976525
