0 0.041829427083333315 0.24039713541666666 0.13623046875 0.24039713541666666 0.13623046875 0.35595703125 0.041829427083333315 0.35595703125
0 0.15901692708333331 0.25016276041666663 0.23225911458333331 0.25016276041666663 0.23225911458333331 0.3152669270833333 0.15901692708333331 0.3152669270833333
1 0.23714192708333331 0.24202473958333334 0.40478515625 0.24202473958333334 0.40478515625 0.40478515625 0.23714192708333331 0.40478515625
1 0.014160156249999986 0.44547526041666663 0.14436848958333331 0.44547526041666663 0.14436848958333331 0.5626627604166666 0.014160156249999986 0.5626627604166666
0 0.16715494791666669 0.47314453125 0.2696940104166667 0.47314453125 0.2696940104166667 0.5675455729166666 0.16715494791666669 0.5675455729166666
1 0.15901692708333331 0.7693684895833334 0.27294921875 0.7693684895833334 0.27294921875 0.89306640625 0.15901692708333331 0.89306640625
2 0.3201497395833333 0.7840169270833334 0.4747721354166667 0.7840169270833334 0.4747721354166667 0.9532877604166666 0.3201497395833333 0.9532877604166666
2 0.3429361979166667 0.5626627604166666 0.48779296875000006 0.5626627604166666 0.48779296875000006 0.7042643229166666 0.3429361979166667 0.7042643229166666
2 0.44384765625000006 0.23551432291666666 0.6066080729166667 0.23551432291666666 0.6066080729166667 0.35107421875 0.44384765625000006 0.35107421875
3 0.4796549479166667 0.3347981770833333 0.6603190104166667 0.3347981770833333 0.6603190104166667 0.4519856770833333 0.4796549479166667 0.4519856770833333
0 0.6228841145833333 0.23714192708333334 0.6896158854166667 0.23714192708333334 0.6896158854166667 0.31363932291666663 0.6228841145833333 0.31363932291666663
2 0.57568359375 0.004394531249999982 0.71240234375 0.004394531249999982 0.71240234375 0.10367838541666664 0.57568359375 0.10367838541666664
2 0.6863606770833333 0.002766927083333315 0.8214518229166667 0.002766927083333315 0.8214518229166667 0.13297526041666666 0.6863606770833333 0.13297526041666666
1 0.7433268229166667 0.14274088541666666 0.8800455729166667 0.14274088541666666 0.8800455729166667 0.24202473958333334 0.7433268229166667 0.24202473958333334
1 0.78564453125 0.21435546875 0.8767903645833333 0.21435546875 0.8767903645833333 0.2957356770833333 0.78564453125 0.2957356770833333
0 0.82958984375 0.26806640625 0.8816731770833333 0.26806640625 0.8816731770833333 0.32666015625 0.82958984375 0.32666015625
1 0.8361002604166667 0.30875651041666663 0.95166015625 0.30875651041666663 0.95166015625 0.40966796875 0.8361002604166667 0.40966796875
1 0.8279622395833333 0.004394531249999982 0.9207356770833333 0.004394531249999982 0.9207356770833333 0.07438151041666664 0.8279622395833333 0.07438151041666664
3 0.40966796875 0.41617838541666663 0.5740559895833333 0.41617838541666663 0.5740559895833333 0.57080078125 0.40966796875 0.57080078125
3 0.59521484375 0.48453776041666663 0.7823893229166667 0.48453776041666663 0.7823893229166667 0.6700846354166666 0.59521484375 0.6700846354166666
2 0.5838216145833333 0.7335611979166666 0.7156575520833333 0.7335611979166666 0.7156575520833333 0.8377278645833334 0.5838216145833333 0.8377278645833334
0 0.57568359375 0.9191080729166666 0.6554361979166667 0.9191080729166666 0.6554361979166667 0.9890950520833334 0.57568359375 0.9890950520833334
0 0.74169921875 0.7482096354166666 0.81982421875 0.7482096354166666 0.81982421875 0.8426106770833334 0.74169921875 0.8426106770833334
0 0.8230794270833333 0.6765950520833334 0.8849283854166667 0.6765950520833334 0.8849283854166667 0.7449544270833334 0.8230794270833333 0.7449544270833334
