0 0.028808593749999986 0.009277343749999983 0.07112630208333331 0.009277343749999983 0.07112630208333331 0.06136067708333332 0.028808593749999986 0.06136067708333332
0 0.002766927083333315 0.10693359374999999 0.051595052083333315 0.10693359374999999 0.051595052083333315 0.19645182291666666 0.002766927083333315 0.19645182291666666
0 0.12320963541666666 0.12809244791666666 0.20458984375 0.12809244791666666 0.20458984375 0.23714192708333334 0.12320963541666666 0.23714192708333334
0 0.21598307291666669 0.11181640624999999 0.27783203125 0.11181640624999999 0.27783203125 0.22737630208333334 0.21598307291666669 0.22737630208333334
0 0.2989908854166667 0.13623046875 0.3478190104166667 0.13623046875 0.3478190104166667 0.24039713541666666 0.2989908854166667 0.24039713541666666
0 0.37548828125 0.14274088541666666 0.4210611979166667 0.14274088541666666 0.4210611979166667 0.24202473958333334 0.37548828125 0.24202473958333334
0 0.4308268229166667 0.17692057291666666 0.5008138020833333 0.17692057291666666 0.5008138020833333 0.2810872395833333 0.4308268229166667 0.2810872395833333
1 0.5040690104166667 0.12972005208333334 0.6180013020833333 0.12972005208333334 0.6180013020833333 0.29736328125 0.5040690104166667 0.29736328125
0 0.5252278645833333 0.0011393229166666479 0.5838216145833333 0.0011393229166666479 0.5838216145833333 0.06298828124999999 0.5252278645833333 0.06298828124999999
0 0.4519856770833333 0.006022135416666648 0.5089518229166667 0.006022135416666648 0.5089518229166667 0.08251953124999999 0.4519856770833333 0.08251953124999999
0 0.39501953125 0.006022135416666648 0.43896484375000006 0.006022135416666648 0.43896484375000006 0.058105468749999986 0.39501953125 0.058105468749999986
0 0.3038736979166667 0.009277343749999983 0.37548828125 0.009277343749999983 0.37548828125 0.10367838541666664 0.3038736979166667 0.10367838541666664
0 0.23225911458333331 0.006022135416666648 0.2892252604166667 0.006022135416666648 0.2892252604166667 0.05973307291666665 0.23225911458333331 0.05973307291666665
0 0.16715494791666669 0.007649739583333316 0.22412109375 0.007649739583333316 0.22412109375 0.07438151041666664 0.16715494791666669 0.07438151041666664
0 0.08251953125 0.009277343749999983 0.15576171875 0.009277343749999983 0.15576171875 0.06461588541666664 0.08251953125 0.06461588541666664
2 0.7156575520833333 0.038574218749999986 0.9305013020833333 0.038574218749999986 0.9305013020833333 0.2810872395833333 0.7156575520833333 0.2810872395833333
3 0.8816731770833333 0.030436197916666647 0.998046875 0.030436197916666647 0.998046875 0.2867529502900844 0.8816731770833333 0.2867529502900844
2 0.6944986979166667 0.29410807291666663 0.9777018229166667 0.29410807291666663 0.9777018229166667 0.45035807291666663 0.6944986979166667 0.45035807291666663
2 0.6765950520833333 0.40478515625 0.8328450520833333 0.40478515625 0.8328450520833333 0.6798502604166666 0.6765950520833333 0.6798502604166666
2 0.7888997395833333 0.5691731770833334 0.998046875 0.5691731770833334 0.998046875 0.715576171875 0.7888997395833333 0.715576171875
2 0.81005859375 0.7498372395833334 0.9939778645833333 0.7498372395833334 0.9939778645833333 0.9972330729166666 0.81005859375 0.9972330729166666
2 0.6652018229166667 0.81005859375 0.8458658854166667 0.81005859375 0.8458658854166667 0.9842122395833334 0.6652018229166667 0.9842122395833334
0 0.5089518229166667 0.35270182291666663 0.5821940104166667 0.35270182291666663 0.5821940104166667 0.44873046875 0.5089518229166667 0.44873046875
0 0.4373372395833333 0.35107421875 0.49267578125000006 0.35107421875 0.49267578125000006 0.44873046875 0.4373372395833333 0.44873046875
0 0.3722330729166667 0.3445638020833333 0.41943359375000006 0.3445638020833333 0.41943359375000006 0.4275716145833333 0.3722330729166667 0.4275716145833333
0 0.2908528645833333 0.33154296875 0.3527018229166667 0.33154296875 0.3527018229166667 0.4324544270833333 0.2908528645833333 0.4324544270833333
0 0.21923828125 0.32177734375 0.2843424479166667 0.32177734375 0.2843424479166667 0.40641276041666663 0.21923828125 0.40641276041666663
0 0.15901692708333331 0.30387369791666663 0.22086588541666669 0.30387369791666663 0.22086588541666669 0.3885091145833333 0.15901692708333331 0.3885091145833333
0 0.06949869791666666 0.3006184895833333 0.14274088541666666 0.3006184895833333 0.14274088541666666 0.40966796875 0.06949869791666666 0.40966796875
0 0.017415364583333315 0.29736328125 0.06787109375 0.29736328125 0.06787109375 0.3885091145833333 0.017415364583333315 0.3885091145833333
0 0.0011393229166666574 0.44059244791666663 0.04345703125 0.44059244791666663 0.04345703125 0.5773111979166666 0.0011393229166666574 0.5773111979166666
0 0.04345703125 0.43896484375 0.12158203125 0.43896484375 0.12158203125 0.5887044270833334 0.04345703125 0.5887044270833334
0 0.12483723958333331 0.4471028645833333 0.19319661458333331 0.4471028645833333 0.19319661458333331 0.5984700520833334 0.12483723958333331 0.5984700520833334
0 0.20458984375 0.50732421875 0.27294921875 0.50732421875 0.27294921875 0.6033528645833334 0.20458984375 0.6033528645833334
0 0.2713216145833333 0.47477213541666663 0.34130859375 0.47477213541666663 0.34130859375 0.6082356770833334 0.2713216145833333 0.6082356770833334
1 0.3494466145833333 0.44873046875 0.4259440104166667 0.44873046875 0.4259440104166667 0.62451171875 0.3494466145833333 0.62451171875
1 0.4259440104166667 0.44547526041666663 0.49267578125000006 0.44547526041666663 0.49267578125000006 0.6505533854166666 0.4259440104166667 0.6505533854166666
0 0.5040690104166667 0.4812825520833333 0.57080078125 0.4812825520833333 0.57080078125 0.63427734375 0.5040690104166667 0.63427734375
0 0.4991861979166667 0.7010091145833334 0.5480143229166667 0.7010091145833334 0.5480143229166667 0.81005859375 0.4991861979166667 0.81005859375
0 0.4324544270833333 0.7058919270833334 0.48291015625000006 0.7058919270833334 0.48291015625000006 0.8165690104166666 0.4324544270833333 0.8165690104166666
0 0.3592122395833333 0.6961263020833334 0.4064127604166667 0.6961263020833334 0.4064127604166667 0.7921549479166666 0.3592122395833333 0.7921549479166666
0 0.27783203125 0.6814778645833334 0.33642578125 0.6814778645833334 0.33642578125 0.7970377604166666 0.27783203125 0.7970377604166666
0 0.21110026041666669 0.6847330729166666 0.2664388020833333 0.6847330729166666 0.2664388020833333 0.7547200520833334 0.21110026041666669 0.7547200520833334
0 0.14111328125 0.6863606770833334 0.19970703125 0.6863606770833334 0.19970703125 0.7775065104166666 0.14111328125 0.7775065104166666
0 0.061360677083333315 0.65869140625 0.12646484375 0.65869140625 0.12646484375 0.77587890625 0.061360677083333315 0.77587890625
0 0.004394531249999986 0.64892578125 0.05973307291666666 0.64892578125 0.05973307291666666 0.74169921875 0.004394531249999986 0.74169921875
0 0.046712239583333315 0.8230794270833334 0.10693359375 0.8230794270833334 0.10693359375 0.9239908854166666 0.046712239583333315 0.9239908854166666
1 0.004394531249999986 0.74658203125 0.06461588541666666 0.74658203125 0.06461588541666666 0.9744466145833334 0.004394531249999986 0.9744466145833334
0 0.11669921875 0.8474934895833334 0.16227213541666666 0.8474934895833334 0.16227213541666666 0.96142578125 0.11669921875 0.96142578125
0 0.18831380208333331 0.8474934895833334 0.2550455729166667 0.8474934895833334 0.2550455729166667 0.9549153645833334 0.18831380208333331 0.9549153645833334
0 0.2599283854166667 0.8523763020833334 0.3250325520833333 0.8523763020833334 0.3250325520833333 0.94189453125 0.2599283854166667 0.94189453125
0 0.33642578125 0.86865234375 0.40966796875 0.86865234375 0.40966796875 0.9777018229166666 0.33642578125 0.9777018229166666
0 0.41943359375000006 0.89794921875 0.4601236979166667 0.89794921875 0.4601236979166667 0.96142578125 0.41943359375000006 0.96142578125
0 0.48779296875000006 0.85888671875 0.54150390625 0.85888671875 0.54150390625 0.97607421875 0.48779296875000006 0.97607421875
