0 0.8181966145833333 0.004394531249999982 0.9890950520833333 0.004394531249999982 0.9890950520833333 0.08740234374999999 0.8181966145833333 0.08740234374999999
0 0.9044596354166667 0.10693359374999999 0.998046875 0.10693359374999999 0.998046875 0.20929463704427087 0.9044596354166667 0.20929463704427087
0 0.8377278645833333 0.17366536458333334 0.9581705729166667 0.17366536458333334 0.9581705729166667 0.29248046875 0.8377278645833333 0.29248046875
0 0.75146484375 0.18017578125 0.86865234375 0.18017578125 0.86865234375 0.31852213541666663 0.75146484375 0.31852213541666663
0 0.70751953125 0.12483723958333333 0.78076171875 0.12483723958333333 0.78076171875 0.19645182291666666 0.70751953125 0.19645182291666666
0 0.62939453125 0.04996744791666665 0.7286783854166667 0.04996744791666665 0.7286783854166667 0.14762369791666666 0.62939453125 0.14762369791666666
0 0.5838216145833333 0.006022135416666648 0.71728515625 0.006022135416666648 0.71728515625 0.08251953124999999 0.5838216145833333 0.08251953124999999
0 0.5040690104166667 0.004394531249999982 0.62451171875 0.004394531249999982 0.62451171875 0.05485026041666665 0.5040690104166667 0.05485026041666665
0 0.2599283854166667 0.002766927083333315 0.3885091145833333 0.002766927083333315 0.3885091145833333 0.06298828124999999 0.2599283854166667 0.06298828124999999
0 0.30224609375 0.028808593749999983 0.43408203125000006 0.028808593749999983 0.43408203125000006 0.15250651041666666 0.30224609375 0.15250651041666666
0 0.4080403645833333 0.09065755208333331 0.50244140625 0.09065755208333331 0.50244140625 0.18017578125 0.4080403645833333 0.18017578125
0 0.3966471354166667 0.15738932291666666 0.54150390625 0.15738932291666666 0.54150390625 0.29410807291666663 0.3966471354166667 0.29410807291666663
0 0.5040690104166667 0.20947265625 0.61474609375 0.20947265625 0.61474609375 0.3152669270833333 0.5040690104166667 0.3152669270833333
0 0.5887044270833333 0.29736328125 0.6570638020833333 0.29736328125 0.6570638020833333 0.36572265625 0.5887044270833333 0.36572265625
0 0.6228841145833333 0.35107421875 0.70751953125 0.35107421875 0.70751953125 0.43082682291666663 0.6228841145833333 0.43082682291666663
0 0.64892578125 0.4422200520833333 0.75146484375 0.4422200520833333 0.75146484375 0.5284830729166666 0.64892578125 0.5284830729166666
0 0.7400716145833333 0.5056966145833334 0.8474934895833333 0.5056966145833334 0.8474934895833333 0.6131184895833334 0.7400716145833333 0.6131184895833334
0 0.8458658854166667 0.4373372395833333 0.96142578125 0.4373372395833333 0.96142578125 0.53662109375 0.8458658854166667 0.53662109375
0 0.9532877604166667 0.5545247395833334 0.998046875 0.5545247395833334 0.998046875 0.6589626736111109 0.9532877604166667 0.6589626736111109
0 0.8816731770833333 0.5919596354166666 0.99072265625 0.5919596354166666 0.99072265625 0.7107747395833334 0.8816731770833333 0.7107747395833334
2 0.7970377604166667 0.6472981770833334 0.9597981770833333 0.6472981770833334 0.9597981770833333 0.8019205729166666 0.7970377604166667 0.8019205729166666
2 0.62451171875 0.68798828125 0.8328450520833333 0.68798828125 0.8328450520833333 0.92724609375 0.62451171875 0.92724609375
0 0.5821940104166667 0.66845703125 0.66357421875 0.66845703125 0.66357421875 0.7498372395833334 0.5821940104166667 0.7498372395833334
0 0.50732421875 0.6066080729166666 0.5984700520833333 0.6066080729166666 0.5984700520833333 0.6944986979166666 0.50732421875 0.6944986979166666
0 0.44873046875000006 0.5496419270833334 0.54150390625 0.5496419270833334 0.54150390625 0.6424153645833334 0.44873046875000006 0.6424153645833334
0 0.3722330729166667 0.4763997395833333 0.4845377604166667 0.4763997395833333 0.4845377604166667 0.5691731770833334 0.3722330729166667 0.5691731770833334
0 0.36083984375 0.42431640625 0.42431640625000006 0.42431640625 0.42431640625000006 0.49430338541666663 0.36083984375 0.49430338541666663
1 0.2794596354166667 0.3006184895833333 0.39013671875 0.3006184895833333 0.39013671875 0.44059244791666663 0.2794596354166667 0.44059244791666663
0 0.20458984375 0.2713216145833333 0.3250325520833333 0.2713216145833333 0.3250325520833333 0.37060546875 0.20458984375 0.37060546875
0 0.14111328125 0.19645182291666666 0.26806640625 0.19645182291666666 0.26806640625 0.31689453125 0.14111328125 0.31689453125
0 0.11181640625 0.13948567708333334 0.20133463541666669 0.13948567708333334 0.20133463541666669 0.22737630208333334 0.11181640625 0.22737630208333334
0 0.04508463541666666 0.06624348958333331 0.15901692708333331 0.06624348958333331 0.15901692708333331 0.17203776041666666 0.04508463541666666 0.17203776041666666
0 0.002766927083333315 0.0011393229166666479 0.14111328125 0.0011393229166666479 0.14111328125 0.12646484375 0.002766927083333315 0.12646484375
0 0.002766927083333315 0.2859700520833333 0.05810546875 0.2859700520833333 0.05810546875 0.43896484375 0.002766927083333315 0.43896484375
0 0.007649739583333315 0.3738606770833333 0.12320963541666666 0.3738606770833333 0.12320963541666666 0.48779296875 0.007649739583333315 0.48779296875
0 0.06624348958333331 0.4373372395833333 0.15250651041666666 0.4373372395833333 0.15250651041666666 0.53662109375 0.06624348958333331 0.53662109375
0 0.13134765625 0.49267578125 0.23388671875 0.49267578125 0.23388671875 0.6017252604166666 0.13134765625 0.6017252604166666
0 0.20458984375 0.5789388020833334 0.26806640625 0.5789388020833334 0.26806640625 0.63427734375 0.20458984375 0.63427734375
1 0.19319661458333331 0.6066080729166666 0.35107421875 0.6066080729166666 0.35107421875 0.7449544270833334 0.19319661458333331 0.7449544270833334
0 0.3250325520833333 0.6847330729166666 0.3836263020833333 0.6847330729166666 0.3836263020833333 0.75146484375 0.3250325520833333 0.75146484375
1 0.3234049479166667 0.76123046875 0.45361328125000006 0.76123046875 0.45361328125000006 0.8816731770833334 0.3234049479166667 0.8816731770833334
0 0.4080403645833333 0.8263346354166666 0.5056966145833333 0.8263346354166666 0.5056966145833333 0.9093424479166666 0.4080403645833333 0.9093424479166666
0 0.4845377604166667 0.8767903645833334 0.54150390625 0.8767903645833334 0.54150390625 0.9549153645833334 0.4845377604166667 0.9549153645833334
0 0.5333658854166667 0.95166015625 0.6017252604166667 0.95166015625 0.6017252604166667 0.9972330729166666 0.5333658854166667 0.9972330729166666
0 0.0011393229166666574 0.58056640625 0.05322265625 0.58056640625 0.05322265625 0.7042643229166666 0.0011393229166666574 0.7042643229166666
0 0.015787760416666657 0.6717122395833334 0.10367838541666666 0.6717122395833334 0.10367838541666666 0.7628580729166666 0.015787760416666657 0.7628580729166666
0 0.08251953125 0.72705078125 0.15250651041666666 0.72705078125 0.15250651041666666 0.8165690104166666 0.08251953125 0.8165690104166666
0 0.12972005208333331 0.79541015625 0.23063151041666669 0.79541015625 0.23063151041666669 0.89794921875 0.12972005208333331 0.89794921875
1 0.19807942708333331 0.8279622395833334 0.32666015625 0.8279622395833334 0.32666015625 0.9630533854166666 0.19807942708333331 0.9630533854166666
0 0.24039713541666669 0.9109700520833334 0.3527018229166667 0.9109700520833334 0.3527018229166667 0.9923502604166666 0.24039713541666669 0.9923502604166666
0 0.3429361979166667 0.9402669270833334 0.4225788288288286 0.9402669270833334 0.4225788288288286 0.998046875 0.3429361979166667 0.998046875
0 0.42919921875000006 0.91259765625 0.4861653645833333 0.91259765625 0.4861653645833333 0.9679361979166666 0.42919921875000006 0.9679361979166666
