2 0.15087890625 0.16715494791666666 0.3347981770833333 0.16715494791666666 0.3347981770833333 0.35107421875 0.15087890625 0.35107421875
2 0.13297526041666666 0.3592122395833333 0.4308268229166667 0.3592122395833333 0.4308268229166667 0.6033528645833334 0.13297526041666666 0.6033528645833334
2 0.004394531249999986 0.6261393229166666 0.3787434895833333 0.6261393229166666 0.3787434895833333 0.9972330729166666 0.004394531249999986 0.9972330729166666
0 0.3885091145833333 0.028808593749999983 0.5056966145833333 0.028808593749999983 0.5056966145833333 0.12972005208333334 0.3885091145833333 0.12972005208333334
0 0.5154622395833333 0.004394531249999982 0.5887044270833333 0.004394531249999982 0.5887044270833333 0.11181640624999999 0.5154622395833333 0.11181640624999999
0 0.5968424479166667 0.002766927083333315 0.6700846354166667 0.002766927083333315 0.6700846354166667 0.08902994791666664 0.5968424479166667 0.08902994791666664
0 0.67333984375 0.0011393229166666479 0.7547200520833333 0.0011393229166666479 0.7547200520833333 0.06298828124999999 0.67333984375 0.06298828124999999
0 0.7628580729166667 0.002766927083333315 0.8507486979166667 0.002766927083333315 0.8507486979166667 0.05159505208333332 0.7628580729166667 0.05159505208333332
0 0.4617513020833333 0.23714192708333334 0.55126953125 0.23714192708333334 0.55126953125 0.36083984375 0.4617513020833333 0.36083984375
0 0.5447591145833333 0.22900390625 0.62451171875 0.22900390625 0.62451171875 0.33805338541666663 0.5447591145833333 0.33805338541666663
0 0.61962890625 0.20458984375 0.70751953125 0.20458984375 0.70751953125 0.2762044270833333 0.61962890625 0.2762044270833333
1 0.68798828125 0.15901692708333334 0.79541015625 0.15901692708333334 0.79541015625 0.30712890625 0.68798828125 0.30712890625
0 0.78076171875 0.16552734375 0.86376953125 0.16552734375 0.86376953125 0.26806640625 0.78076171875 0.26806640625
1 0.85888671875 0.12809244791666666 0.96630859375 0.12809244791666666 0.96630859375 0.27783203125 0.85888671875 0.27783203125
0 0.9549153645833333 0.11181640624999999 0.998046875 0.11181640624999999 0.998046875 0.22642299107142844 0.9549153645833333 0.22642299107142844
0 0.7970377604166667 0.34293619791666663 0.8914388020833333 0.34293619791666663 0.8914388020833333 0.4763997395833333 0.7970377604166667 0.4763997395833333
0 0.8816731770833333 0.32828776041666663 0.97119140625 0.32828776041666663 0.97119140625 0.4666341145833333 0.8816731770833333 0.4666341145833333
0 0.9500325520833333 0.30712890625 0.998046875 0.30712890625 0.998046875 0.4304089245495496 0.9500325520833333 0.4304089245495496
2 0.5203450520833333 0.46826171875 0.69287109375 0.46826171875 0.69287109375 0.7775065104166666 0.5203450520833333 0.7775065104166666
3 0.6180013020833333 0.48291015625 0.8426106770833333 0.48291015625 0.8426106770833333 0.6261393229166666 0.6180013020833333 0.6261393229166666
2 0.8751627604166667 0.5496419270833334 0.998046875 0.5496419270833334 0.998046875 0.7504525533536586 0.8751627604166667 0.7504525533536586
0 0.7742513020833333 0.8084309895833334 0.8507486979166667 0.8084309895833334 0.8507486979166667 0.86376953125 0.7742513020833333 0.86376953125
0 0.6798502604166667 0.7937825520833334 0.7823893229166667 0.7937825520833334 0.7823893229166667 0.9353841145833334 0.6798502604166667 0.9353841145833334
0 0.6131184895833333 0.8605143229166666 0.6847330729166667 0.8605143229166666 0.6847330729166667 0.9386393229166666 0.6131184895833333 0.9386393229166666
0 0.53662109375 0.86376953125 0.6131184895833333 0.86376953125 0.6131184895833333 0.9679361979166666 0.53662109375 0.9679361979166666
