0 0.08251953125 0.0011393229166666479 0.21761067708333331 0.0011393229166666479 0.21761067708333331 0.09879557291666664 0.08251953125 0.09879557291666664
0 0.04996744791666666 0.07112630208333331 0.13948567708333331 0.07112630208333331 0.13948567708333331 0.14762369791666666 0.04996744791666666 0.14762369791666666
0 0.002766927083333315 0.11507161458333331 0.08577473958333331 0.11507161458333331 0.08577473958333331 0.21435546875 0.002766927083333315 0.21435546875
0 0.017415364583333315 0.3933919270833333 0.13297526041666666 0.3933919270833333 0.13297526041666666 0.5105794270833334 0.017415364583333315 0.5105794270833334
1 0.07112630208333331 0.32340494791666663 0.19807942708333331 0.32340494791666663 0.19807942708333331 0.43408203125 0.07112630208333331 0.43408203125
0 0.13460286458333331 0.2810872395833333 0.23388671875 0.2810872395833333 0.23388671875 0.36572265625 0.13460286458333331 0.36572265625
0 0.20133463541666669 0.19319661458333334 0.3152669270833333 0.19319661458333334 0.3152669270833333 0.3201497395833333 0.20133463541666669 0.3201497395833333
0 0.2550455729166667 0.14599609375 0.3673502604166667 0.14599609375 0.3673502604166667 0.24039713541666666 0.2550455729166667 0.24039713541666666
0 0.33154296875 0.08902994791666664 0.4373372395833333 0.08902994791666664 0.4373372395833333 0.19970703125 0.33154296875 0.19970703125
0 0.3819986979166667 0.033691406249999986 0.4715169270833333 0.033691406249999986 0.4715169270833333 0.10856119791666664 0.3819986979166667 0.10856119791666664
1 0.002766927083333315 0.6131184895833334 0.13460286458333331 0.6131184895833334 0.13460286458333331 0.7693684895833334 0.002766927083333315 0.7693684895833334
0 0.06624348958333331 0.5496419270833334 0.16878255208333331 0.5496419270833334 0.16878255208333331 0.66357421875 0.06624348958333331 0.66357421875
3 0.14436848958333331 0.42106119791666663 0.2892252604166667 0.42106119791666663 0.2892252604166667 0.6180013020833334 0.14436848958333331 0.6180013020833334
1 0.3038736979166667 0.30387369791666663 0.4422200520833333 0.30387369791666663 0.4422200520833333 0.43896484375 0.3038736979166667 0.43896484375
2 0.24527994791666669 0.39013671875 0.3673502604166667 0.39013671875 0.3673502604166667 0.52197265625 0.24527994791666669 0.52197265625
0 0.04996744791666666 0.9012044270833334 0.15087890625 0.9012044270833334 0.15087890625 0.9842122395833334 0.04996744791666666 0.9842122395833334
0 0.12320963541666666 0.8426106770833334 0.22737630208333331 0.8426106770833334 0.22737630208333331 0.9451497395833334 0.12320963541666666 0.9451497395833334
0 0.16715494791666669 0.7872721354166666 0.2599283854166667 0.7872721354166666 0.2599283854166667 0.8751627604166666 0.16715494791666669 0.8751627604166666
0 0.22900390625 0.72705078125 0.3152669270833333 0.72705078125 0.3152669270833333 0.8084309895833334 0.22900390625 0.8084309895833334
0 0.31201171875 0.67333984375 0.3771158854166667 0.67333984375 0.3771158854166667 0.7449544270833334 0.31201171875 0.7449544270833334
0 0.3494466145833333 0.60009765625 0.4503580729166667 0.60009765625 0.4503580729166667 0.6912434895833334 0.3494466145833333 0.6912434895833334
0 0.4161783854166667 0.54638671875 0.4959309895833333 0.54638671875 0.4959309895833333 0.6277669270833334 0.4161783854166667 0.6277669270833334
0 0.4650065104166667 0.4763997395833333 0.5740559895833333 0.4763997395833333 0.5740559895833333 0.6017252604166666 0.4650065104166667 0.6017252604166666
0 0.37548828125 0.2615559895833333 0.46337890625000006 0.2615559895833333 0.46337890625000006 0.3494466145833333 0.37548828125 0.3494466145833333
0 0.41943359375000006 0.19482421875 0.5333658854166667 0.19482421875 0.5333658854166667 0.3006184895833333 0.41943359375000006 0.3006184895833333
0 0.48779296875000006 0.14436848958333334 0.58544921875 0.14436848958333334 0.58544921875 0.23388671875 0.48779296875000006 0.23388671875
0 0.5447591145833333 0.07275390624999999 0.6456705729166667 0.07275390624999999 0.6456705729166667 0.16878255208333334 0.5447591145833333 0.16878255208333334
0 0.61474609375 0.012532552083333315 0.71728515625 0.012532552083333315 0.71728515625 0.12646484375 0.61474609375 0.12646484375
0 0.67822265625 0.004394531249999982 0.7628580729166667 0.004394531249999982 0.7628580729166667 0.07112630208333331 0.67822265625 0.07112630208333331
0 0.5691731770833333 0.39990234375 0.6505533854166667 0.39990234375 0.6505533854166667 0.4519856770833333 0.5691731770833333 0.4519856770833333
1 0.62451171875 0.3152669270833333 0.7433268229166667 0.3152669270833333 0.7433268229166667 0.42919921875 0.62451171875 0.42919921875
0 0.7042643229166667 0.25830078125 0.8133138020833333 0.25830078125 0.8133138020833333 0.36572265625 0.7042643229166667 0.36572265625
0 0.7775065104166667 0.21110026041666666 0.85888671875 0.21110026041666666 0.85888671875 0.30224609375 0.7775065104166667 0.30224609375
1 0.80029296875 0.12809244791666666 0.93212890625 0.12809244791666666 0.93212890625 0.23714192708333334 0.80029296875 0.23714192708333334
0 0.8719075520833333 0.07438151041666664 0.9646809895833333 0.07438151041666664 0.9646809895833333 0.16389973958333334 0.8719075520833333 0.16389973958333334
2 0.21435546875 0.8946940104166666 0.41943359375000006 0.8946940104166666 0.41943359375000006 0.9939778645833334 0.21435546875 0.9939778645833334
0 0.34619140625 0.8312174479166666 0.4373372395833333 0.8312174479166666 0.4373372395833333 0.92236328125 0.34619140625 0.92236328125
0 0.44873046875000006 0.7547200520833334 0.51708984375 0.7547200520833334 0.51708984375 0.84912109375 0.44873046875000006 0.84912109375
0 0.48779296875000006 0.70751953125 0.57568359375 0.70751953125 0.57568359375 0.80517578125 0.48779296875000006 0.80517578125
0 0.5301106770833333 0.6228841145833334 0.6375325520833333 0.6228841145833334 0.6375325520833333 0.7482096354166666 0.5301106770833333 0.7482096354166666
1 0.59521484375 0.5528971354166666 0.73681640625 0.5528971354166666 0.73681640625 0.7140299479166666 0.59521484375 0.7140299479166666
1 0.7107747395833333 0.5333658854166666 0.8068033854166667 0.5333658854166666 0.8068033854166667 0.6359049479166666 0.7107747395833333 0.6359049479166666
2 0.7726236979166667 0.4910481770833333 0.9093424479166667 0.4910481770833333 0.9093424479166667 0.6163736979166666 0.7726236979166667 0.6163736979166666
1 0.8263346354166667 0.4129231770833333 0.9305013020833333 0.4129231770833333 0.9305013020833333 0.5252278645833334 0.8263346354166667 0.5252278645833334
1 0.86865234375 0.33154296875 0.998046875 0.33154296875 0.998046875 0.472119743441358 0.86865234375 0.472119743441358
