0 0.7530924479166667 0.002766927083333315 0.85400390625 0.002766927083333315 0.85400390625 0.08251953124999999 0.7530924479166667 0.08251953124999999
0 0.7970377604166667 0.08089192708333331 0.8995768229166667 0.08089192708333331 0.8995768229166667 0.16552734375 0.7970377604166667 0.16552734375
0 0.88818359375 0.13134765625 0.96630859375 0.13134765625 0.96630859375 0.21761067708333334 0.88818359375 0.21761067708333334
0 0.91748046875 0.22086588541666666 0.9793294270833333 0.22086588541666666 0.9793294270833333 0.28922526041666663 0.91748046875 0.28922526041666663
1 0.9142252604166667 0.37711588541666663 0.998046875 0.37711588541666663 0.998046875 0.5325914608534946 0.9142252604166667 0.5325914608534946
0 0.8605143229166667 0.3299153645833333 0.9728190104166667 0.3299153645833333 0.9728190104166667 0.44547526041666663 0.8605143229166667 0.44547526041666663
1 0.7921549479166667 0.25341796875 0.9142252604166667 0.25341796875 0.9142252604166667 0.38037109375 0.7921549479166667 0.38037109375
0 0.7482096354166667 0.21110026041666666 0.84423828125 0.21110026041666666 0.84423828125 0.31689453125 0.7482096354166667 0.31689453125
0 0.6652018229166667 0.13460286458333334 0.7970377604166667 0.13460286458333334 0.7970377604166667 0.27457682291666663 0.6652018229166667 0.27457682291666663
0 0.61962890625 0.08414713541666664 0.7107747395833333 0.08414713541666664 0.7107747395833333 0.18343098958333334 0.61962890625 0.18343098958333334
0 0.5594075520833333 0.006022135416666648 0.6912434895833333 0.006022135416666648 0.6912434895833333 0.12809244791666666 0.5594075520833333 0.12809244791666666
0 0.5089518229166667 0.0011393229166666479 0.60009765625 0.0011393229166666479 0.60009765625 0.05647786458333332 0.5089518229166667 0.05647786458333332
0 0.18994140625 0.0011393229166666479 0.3087565104166667 0.0011393229166666479 0.3087565104166667 0.028808593749999983 0.18994140625 0.028808593749999983
0 0.2615559895833333 0.009277343749999983 0.3640950520833333 0.009277343749999983 0.3640950520833333 0.09228515624999999 0.2615559895833333 0.09228515624999999
1 0.23063151041666669 0.05647786458333332 0.3055013020833333 0.05647786458333332 0.3055013020833333 0.11995442708333331 0.23063151041666669 0.11995442708333331
0 0.2941080729166667 0.06136067708333332 0.41943359375000006 0.06136067708333332 0.41943359375000006 0.18668619791666666 0.2941080729166667 0.18668619791666666
0 0.18017578125 0.17529296875 0.31201171875 0.17529296875 0.31201171875 0.3055013020833333 0.18017578125 0.3055013020833333
0 0.12320963541666666 0.10693359374999999 0.25830078125 0.10693359374999999 0.25830078125 0.24690755208333334 0.12320963541666666 0.24690755208333334
0 0.056477864583333315 0.04671223958333332 0.18668619791666669 0.04671223958333332 0.18668619791666669 0.17203776041666666 0.056477864583333315 0.17203776041666666
0 0.004394531249999986 0.004394531249999982 0.13297526041666666 0.004394531249999982 0.13297526041666666 0.11181640624999999 0.004394531249999986 0.11181640624999999
0 0.004394531249999986 0.26969401041666663 0.06298828125 0.26969401041666663 0.06298828125 0.37711588541666663 0.004394531249999986 0.37711588541666663
0 0.04508463541666666 0.34293619791666663 0.13297526041666666 0.34293619791666663 0.13297526041666666 0.43082682291666663 0.04508463541666666 0.43082682291666663
0 0.009277343749999986 0.43570963541666663 0.051595052083333315 0.43570963541666663 0.051595052083333315 0.56591796875 0.009277343749999986 0.56591796875
0 0.4373372395833333 0.21923828125 0.5528971354166667 0.21923828125 0.5528971354166667 0.33805338541666663 0.4373372395833333 0.33805338541666663
0 0.3787434895833333 0.2908528645833333 0.4812825520833333 0.2908528645833333 0.4812825520833333 0.39013671875 0.3787434895833333 0.39013671875
0 0.31689453125 0.34293619791666663 0.42919921875000006 0.34293619791666663 0.42919921875000006 0.46012369791666663 0.31689453125 0.46012369791666663
0 0.2762044270833333 0.4129231770833333 0.3771158854166667 0.4129231770833333 0.3771158854166667 0.52197265625 0.2762044270833333 0.52197265625
0 0.20133463541666669 0.4861653645833333 0.3201497395833333 0.4861653645833333 0.3201497395833333 0.59521484375 0.20133463541666669 0.59521484375
0 0.13785807291666666 0.53662109375 0.24527994791666669 0.53662109375 0.24527994791666669 0.6521809895833334 0.13785807291666666 0.6521809895833334
0 0.07112630208333331 0.5968424479166666 0.18994140625 0.5968424479166666 0.18994140625 0.7058919270833334 0.07112630208333331 0.7058919270833334
0 0.019042968749999986 0.66357421875 0.12483723958333331 0.66357421875 0.12483723958333331 0.7742513020833334 0.019042968749999986 0.7742513020833334
0 0.0011393229166666574 0.7254231770833334 0.061360677083333315 0.7254231770833334 0.061360677083333315 0.8409830729166666 0.0011393229166666574 0.8409830729166666
1 0.54150390625 0.3250325520833333 0.67822265625 0.3250325520833333 0.67822265625 0.45524088541666663 0.54150390625 0.45524088541666663
0 0.5105794270833333 0.40966796875 0.60498046875 0.40966796875 0.60498046875 0.5056966145833334 0.5105794270833333 0.5056966145833334
0 0.4357096354166667 0.4715169270833333 0.5382486979166667 0.4715169270833333 0.5382486979166667 0.5773111979166666 0.4357096354166667 0.5773111979166666
0 0.34619140625 0.5008138020833334 0.5008138020833333 0.5008138020833334 0.5008138020833333 0.6424153645833334 0.34619140625 0.6424153645833334
0 0.2908528645833333 0.56591796875 0.42431640625000006 0.56591796875 0.42431640625000006 0.6944986979166666 0.2908528645833333 0.6944986979166666
0 0.2599283854166667 0.65380859375 0.3575846354166667 0.65380859375 0.3575846354166667 0.75634765625 0.2599283854166667 0.75634765625
0 0.16389973958333331 0.6912434895833334 0.3038736979166667 0.6912434895833334 0.3038736979166667 0.81494140625 0.16389973958333331 0.81494140625
0 0.11181640625 0.7644856770833334 0.24527994791666669 0.7644856770833334 0.24527994791666669 0.8816731770833334 0.11181640625 0.8816731770833334
0 0.06461588541666666 0.82470703125 0.19807942708333331 0.82470703125 0.19807942708333331 0.96142578125 0.06461588541666666 0.96142578125
0 0.004394531249999986 0.9060872395833334 0.11995442708333331 0.9060872395833334 0.11995442708333331 0.99560546875 0.004394531249999986 0.99560546875
1 0.6700846354166667 0.49755859375 0.8116861979166667 0.49755859375 0.8116861979166667 0.6472981770833334 0.6700846354166667 0.6472981770833334
0 0.6082356770833333 0.6066080729166666 0.71728515625 0.6066080729166666 0.71728515625 0.70751953125 0.6082356770833333 0.70751953125
0 0.54638671875 0.65380859375 0.65869140625 0.65380859375 0.65869140625 0.7677408854166666 0.54638671875 0.7677408854166666
0 0.4747721354166667 0.7189127604166666 0.60498046875 0.7189127604166666 0.60498046875 0.85400390625 0.4747721354166667 0.85400390625
0 0.4178059895833333 0.77587890625 0.55126953125 0.77587890625 0.55126953125 0.9012044270833334 0.4178059895833333 0.9012044270833334
1 0.3478190104166667 0.82470703125 0.53173828125 0.82470703125 0.53173828125 0.99072265625 0.3478190104166667 0.99072265625
0 0.2908528645833333 0.91259765625 0.38525390625 0.91259765625 0.38525390625 0.99072265625 0.2908528645833333 0.99072265625
0 0.80517578125 0.65869140625 0.89306640625 0.65869140625 0.89306640625 0.7237955729166666 0.80517578125 0.7237955729166666
0 0.7254231770833333 0.7140299479166666 0.8507486979166667 0.7140299479166666 0.8507486979166667 0.8214518229166666 0.7254231770833333 0.8214518229166666
0 0.6424153645833333 0.7677408854166666 0.77099609375 0.7677408854166666 0.77099609375 0.87841796875 0.6424153645833333 0.87841796875
0 0.57568359375 0.8133138020833334 0.68798828125 0.8133138020833334 0.68798828125 0.94677734375 0.57568359375 0.94677734375
0 0.49755859375000006 0.9191080729166666 0.63427734375 0.9191080729166666 0.63427734375 0.9939778645833334 0.49755859375000006 0.9939778645833334
