2 0.37060546875 0.004394531249999982 0.6131184895833333 0.004394531249999982 0.6131184895833333 0.3543294270833333 0.37060546875 0.3543294270833333
3 0.20784505208333331 0.65869140625 0.3722330729166667 0.65869140625 0.3722330729166667 0.8458658854166666 0.20784505208333331 0.8458658854166666
2 0.21761067708333331 0.50732421875 0.42431640625000006 0.50732421875 0.42431640625000006 0.7058919270833334 0.21761067708333331 0.7058919270833334
2 0.27783203125 0.3543294270833333 0.45361328125000006 0.3543294270833333 0.45361328125000006 0.55126953125 0.27783203125 0.55126953125
2 0.12320963541666666 0.8068033854166666 0.3038736979166667 0.8068033854166666 0.3038736979166667 0.9695638020833334 0.12320963541666666 0.9695638020833334
3 0.24527994791666669 0.8800455729166666 0.4538027968036529 0.8800455729166666 0.4538027968036529 0.998046875 0.24527994791666669 0.998046875
3 0.2989908854166667 0.78564453125 0.4715169270833333 0.78564453125 0.4715169270833333 0.9239908854166666 0.2989908854166667 0.9239908854166666
2 0.3689778645833333 0.6619466145833334 0.5203450520833333 0.6619466145833334 0.5203450520833333 0.8263346354166666 0.3689778645833333 0.8263346354166666
0 0.4471028645833333 0.5691731770833334 0.5594075520833333 0.5691731770833334 0.5594075520833333 0.6603190104166666 0.4471028645833333 0.6603190104166666
0 0.4845377604166667 0.51220703125 0.5821940104166667 0.51220703125 0.5821940104166667 0.5887044270833334 0.4845377604166667 0.5887044270833334
0 0.50244140625 0.4178059895833333 0.62451171875 0.4178059895833333 0.62451171875 0.51220703125 0.50244140625 0.51220703125
0 0.56103515625 0.33154296875 0.63916015625 0.33154296875 0.63916015625 0.40966796875 0.56103515625 0.40966796875
0 0.5642903645833333 0.23551432291666666 0.67333984375 0.23551432291666666 0.67333984375 0.3299153645833333 0.5642903645833333 0.3299153645833333
0 0.59033203125 0.17041015625 0.69775390625 0.17041015625 0.69775390625 0.24527994791666666 0.59033203125 0.24527994791666666
0 0.6456705729166667 0.08740234374999999 0.7335611979166667 0.08740234374999999 0.7335611979166667 0.16878255208333334 0.6456705729166667 0.16878255208333334
0 0.66357421875 0.015787760416666647 0.7644856770833333 0.015787760416666647 0.7644856770833333 0.10530598958333331 0.66357421875 0.10530598958333331
0 0.87353515625 0.06787109374999999 0.9646809895833333 0.06787109374999999 0.9646809895833333 0.16064453125 0.87353515625 0.16064453125
0 0.8377278645833333 0.14599609375 0.91748046875 0.14599609375 0.91748046875 0.23388671875 0.8377278645833333 0.23388671875
0 0.8279622395833333 0.23714192708333334 0.9353841145833333 0.23714192708333334 0.9353841145833333 0.32177734375 0.8279622395833333 0.32177734375
1 0.7775065104166667 0.31363932291666663 0.9093424479166667 0.31363932291666663 0.9093424479166667 0.41129557291666663 0.7775065104166667 0.41129557291666663
0 0.7433268229166667 0.40641276041666663 0.85400390625 0.40641276041666663 0.85400390625 0.49267578125 0.7433268229166667 0.49267578125
0 0.7254231770833333 0.4763997395833333 0.8458658854166667 0.4763997395833333 0.8458658854166667 0.5724283854166666 0.7254231770833333 0.5724283854166666
0 0.6896158854166667 0.56103515625 0.79541015625 0.56103515625 0.79541015625 0.6570638020833334 0.6896158854166667 0.6570638020833334
0 0.6619466145833333 0.64404296875 0.7742513020833333 0.64404296875 0.7742513020833333 0.7286783854166666 0.6619466145833333 0.7286783854166666
0 0.6326497395833333 0.7286783854166666 0.7433268229166667 0.7286783854166666 0.7433268229166667 0.8133138020833334 0.6326497395833333 0.8133138020833334
0 0.6131184895833333 0.8035481770833334 0.7286783854166667 0.8035481770833334 0.7286783854166667 0.9044596354166666 0.6131184895833333 0.9044596354166666
0 0.5594075520833333 0.87841796875 0.69287109375 0.87841796875 0.69287109375 0.9744466145833334 0.5594075520833333 0.9744466145833334
0 0.5187174479166667 0.9630533854166666 0.6682350852272725 0.9630533854166666 0.6682350852272725 0.998046875 0.5187174479166667 0.998046875
0 0.94677734375 0.3201497395833333 0.9972330729166667 0.3201497395833333 0.9972330729166667 0.37060546875 0.94677734375 0.37060546875
0 0.9402669270833333 0.39664713541666663 0.998046875 0.39664713541666663 0.998046875 0.4762897663288288 0.9402669270833333 0.4762897663288288
0 0.9239908854166667 0.47802734375 0.998046875 0.47802734375 0.998046875 0.5617428102355073 0.9239908854166667 0.5617428102355073
0 0.87353515625 0.56103515625 0.99072265625 0.56103515625 0.99072265625 0.6554361979166666 0.87353515625 0.6554361979166666
0 0.84423828125 0.62939453125 0.9435221354166667 0.62939453125 0.9435221354166667 0.7400716145833334 0.84423828125 0.7400716145833334
1 0.79052734375 0.7189127604166666 0.9093424479166667 0.7189127604166666 0.9093424479166667 0.80517578125 0.79052734375 0.80517578125
0 0.80029296875 0.81005859375 0.8719075520833333 0.81005859375 0.8719075520833333 0.89794921875 0.80029296875 0.89794921875
0 0.7384440104166667 0.8670247395833334 0.85888671875 0.8670247395833334 0.85888671875 0.9728190104166666 0.7384440104166667 0.9728190104166666
0 0.6944986979166667 0.9500325520833334 0.8325398763020831 0.9500325520833334 0.8325398763020831 0.998046875 0.6944986979166667 0.998046875
