0 0.002766927083333315 0.12158203124999999 0.038574218749999986 0.12158203124999999 0.038574218749999986 0.22737630208333334 0.002766927083333315 0.22737630208333334
0 0.027180989583333315 0.11181640624999999 0.11832682291666666 0.11181640624999999 0.11832682291666666 0.21435546875 0.027180989583333315 0.21435546875
0 0.11344401041666666 0.09554036458333331 0.21110026041666669 0.09554036458333331 0.21110026041666669 0.23225911458333334 0.11344401041666666 0.23225911458333334
0 0.18831380208333331 0.07275390624999999 0.2843424479166667 0.07275390624999999 0.2843424479166667 0.20621744791666666 0.18831380208333331 0.20621744791666666
3 0.2599283854166667 0.033691406249999986 0.38037109375 0.033691406249999986 0.38037109375 0.18994140625 0.2599283854166667 0.18994140625
0 0.36083984375 0.03531901041666665 0.4422200520833333 0.03531901041666665 0.4422200520833333 0.16389973958333334 0.36083984375 0.16389973958333334
0 0.4471028645833333 0.027180989583333315 0.5398763020833333 0.027180989583333315 0.5398763020833333 0.12809244791666666 0.4471028645833333 0.12809244791666666
0 0.51708984375 0.007649739583333316 0.6082356770833333 0.007649739583333316 0.6082356770833333 0.12972005208333334 0.51708984375 0.12972005208333334
0 0.6131184895833333 0.002766927083333315 0.6944986979166667 0.002766927083333315 0.6944986979166667 0.08577473958333331 0.6131184895833333 0.08577473958333331
0 0.68798828125 0.0011393229166666479 0.7677408854166667 0.0011393229166666479 0.7677408854166667 0.07112630208333331 0.68798828125 0.07112630208333331
0 0.7775065104166667 0.010904947916666647 0.8409830729166667 0.010904947916666647 0.8409830729166667 0.053222656249999986 0.7775065104166667 0.053222656249999986
0 0.85888671875 0.006022135416666648 0.92724609375 0.006022135416666648 0.92724609375 0.05647786458333332 0.85888671875 0.05647786458333332
0 0.78076171875 0.15901692708333334 0.88818359375 0.15901692708333334 0.88818359375 0.24527994791666666 0.78076171875 0.24527994791666666
0 0.7042643229166667 0.17854817708333334 0.7937825520833333 0.17854817708333334 0.7937825520833333 0.26806640625 0.7042643229166667 0.26806640625
0 0.6261393229166667 0.18831380208333334 0.6944986979166667 0.18831380208333334 0.6944986979166667 0.27945963541666663 0.6261393229166667 0.27945963541666663
0 0.5301106770833333 0.17529296875 0.61474609375 0.17529296875 0.61474609375 0.30875651041666663 0.5301106770833333 0.30875651041666663
0 0.45849609375000006 0.22574869791666666 0.53662109375 0.22574869791666666 0.53662109375 0.33317057291666663 0.45849609375000006 0.33317057291666663
0 0.3689778645833333 0.24690755208333334 0.44873046875000006 0.24690755208333334 0.44873046875000006 0.32177734375 0.3689778645833333 0.32177734375
0 0.29736328125 0.25830078125 0.37548828125 0.25830078125 0.37548828125 0.37548828125 0.29736328125 0.37548828125
0 0.20947265625 0.27294921875 0.29736328125 0.27294921875 0.29736328125 0.3885091145833333 0.20947265625 0.3885091145833333
0 0.12646484375 0.2957356770833333 0.20133463541666669 0.2957356770833333 0.20133463541666669 0.40152994791666663 0.12646484375 0.40152994791666663
0 0.04996744791666666 0.31689453125 0.13623046875 0.31689453125 0.13623046875 0.41455078125 0.04996744791666666 0.41455078125
0 0.004394531249999986 0.3347981770833333 0.04508463541666666 0.3347981770833333 0.04508463541666666 0.43408203125 0.004394531249999986 0.43408203125
0 0.007649739583333315 0.5626627604166666 0.09228515625 0.5626627604166666 0.09228515625 0.65869140625 0.007649739583333315 0.65869140625
0 0.09879557291666666 0.54150390625 0.19807942708333331 0.54150390625 0.19807942708333331 0.65380859375 0.09879557291666666 0.65380859375
0 0.17366536458333331 0.5236002604166666 0.2550455729166667 0.5236002604166666 0.2550455729166667 0.6310221354166666 0.17366536458333331 0.6310221354166666
0 0.25830078125 0.50732421875 0.34130859375 0.50732421875 0.34130859375 0.59521484375 0.25830078125 0.59521484375
0 0.28271484375 0.5887044270833334 0.35107421875 0.5887044270833334 0.35107421875 0.63427734375 0.28271484375 0.63427734375
1 0.3299153645833333 0.47965494791666663 0.43408203125000006 0.47965494791666663 0.43408203125000006 0.60498046875 0.3299153645833333 0.60498046875
0 0.4226888020833333 0.46826171875 0.5089518229166667 0.46826171875 0.5089518229166667 0.5740559895833334 0.4226888020833333 0.5740559895833334
0 0.5008138020833333 0.44059244791666663 0.59521484375 0.44059244791666663 0.59521484375 0.5789388020833334 0.5008138020833333 0.5789388020833334
0 0.5773111979166667 0.4275716145833333 0.6603190104166667 0.4275716145833333 0.6603190104166667 0.5382486979166666 0.5773111979166667 0.5382486979166666
0 0.66357421875 0.40478515625 0.7482096354166667 0.40478515625 0.7482096354166667 0.5138346354166666 0.66357421875 0.5138346354166666
3 0.7384440104166667 0.35270182291666663 0.8523763020833333 0.35270182291666663 0.8523763020833333 0.5496419270833334 0.7384440104166667 0.5496419270833334
0 0.6847330729166667 0.58056640625 0.7693684895833333 0.58056640625 0.7693684895833333 0.7156575520833334 0.6847330729166667 0.7156575520833334
0 0.6180013020833333 0.60498046875 0.6993815104166667 0.60498046875 0.6993815104166667 0.7205403645833334 0.6180013020833333 0.7205403645833334
0 0.54150390625 0.64892578125 0.6066080729166667 0.64892578125 0.6066080729166667 0.73681640625 0.54150390625 0.73681640625
0 0.4503580729166667 0.65869140625 0.52685546875 0.65869140625 0.52685546875 0.7644856770833334 0.4503580729166667 0.7644856770833334
0 0.35595703125 0.66357421875 0.4454752604166667 0.66357421875 0.4454752604166667 0.79052734375 0.35595703125 0.79052734375
0 0.28759765625 0.6993815104166666 0.3624674479166667 0.6993815104166666 0.3624674479166667 0.8133138020833334 0.28759765625 0.8133138020833334
0 0.19970703125 0.71728515625 0.2810872395833333 0.71728515625 0.2810872395833333 0.8279622395833334 0.19970703125 0.8279622395833334
0 0.13134765625 0.73193359375 0.20296223958333331 0.73193359375 0.20296223958333331 0.83935546875 0.13134765625 0.83935546875
0 0.032063802083333315 0.7498372395833334 0.11832682291666666 0.7498372395833334 0.11832682291666666 0.85888671875 0.032063802083333315 0.85888671875
0 0.004394531249999986 0.7628580729166666 0.04508463541666666 0.7628580729166666 0.04508463541666666 0.8898111979166666 0.004394531249999986 0.8898111979166666
2 0.9109700520833333 0.4275716145833333 0.998046875 0.4275716145833333 0.998046875 0.5289233265027322 0.9109700520833333 0.5289233265027322
0 0.9256184895833333 0.54150390625 0.9972330729166667 0.54150390625 0.9972330729166667 0.6114908854166666 0.9256184895833333 0.6114908854166666
2 0.8621419270833333 0.6082356770833334 0.998046875 0.6082356770833334 0.998046875 0.8047069604846013 0.8621419270833333 0.8047069604846013
0 0.8116861979166667 0.80517578125 0.88818359375 0.80517578125 0.88818359375 0.9158528645833334 0.8116861979166667 0.9158528645833334
0 0.8800455729166667 0.8312174479166666 0.95166015625 0.8312174479166666 0.95166015625 0.94677734375 0.8800455729166667 0.94677734375
0 0.7237955729166667 0.8230794270833334 0.8165690104166667 0.8230794270833334 0.8165690104166667 0.96142578125 0.7237955729166667 0.96142578125
0 0.6326497395833333 0.8328450520833334 0.7237955729166667 0.8328450520833334 0.7237955729166667 0.9597981770833334 0.6326497395833333 0.9597981770833334
0 0.5626627604166667 0.88818359375 0.6261393229166667 0.88818359375 0.6261393229166667 0.96630859375 0.5626627604166667 0.96630859375
0 0.49267578125000006 0.8849283854166666 0.5642903645833333 0.8849283854166666 0.5642903645833333 0.9874674479166666 0.49267578125000006 0.9874674479166666
0 0.4031575520833333 0.90283203125 0.4763997395833333 0.90283203125 0.4763997395833333 0.99560546875 0.4031575520833333 0.99560546875
0 0.3234049479166667 0.90771484375 0.4031575520833333 0.90771484375 0.4031575520833333 0.9923502604166666 0.3234049479166667 0.9923502604166666
0 0.23388671875 0.94189453125 0.3021801097972972 0.94189453125 0.3021801097972972 0.998046875 0.23388671875 0.998046875
0 0.16064453125 0.9532877604166666 0.2285549119971261 0.9532877604166666 0.2285549119971261 0.998046875 0.16064453125 0.998046875
