0 0.3380533854166667 0.6017252604166666 0.4161783854166667 0.6017252604166666 0.4161783854166667 0.69287109375 0.3380533854166667 0.69287109375
0 0.4259440104166667 0.63916015625 0.5040690104166667 0.63916015625 0.5040690104166667 0.7303059895833334 0.4259440104166667 0.7303059895833334
0 0.4812825520833333 0.66357421875 0.56591796875 0.66357421875 0.56591796875 0.78076171875 0.4812825520833333 0.78076171875
0 0.57568359375 0.7205403645833334 0.6603190104166667 0.7205403645833334 0.6603190104166667 0.8312174479166666 0.57568359375 0.8312174479166666
0 0.6212565104166667 0.78076171875 0.7351888020833333 0.78076171875 0.7351888020833333 0.8995768229166666 0.6212565104166667 0.8995768229166666
0 0.7970377604166667 0.89794921875 0.9142252604166667 0.89794921875 0.9142252604166667 0.9825846354166666 0.7970377604166667 0.9825846354166666
0 0.7384440104166667 0.95654296875 0.84912109375 0.95654296875 0.84912109375 0.9972330729166666 0.7384440104166667 0.9972330729166666
0 0.5187174479166667 0.88330078125 0.62451171875 0.88330078125 0.62451171875 0.9728190104166666 0.5187174479166667 0.9728190104166666
0 0.44384765625000006 0.93701171875 0.5867984169407894 0.93701171875 0.5867984169407894 0.998046875 0.44384765625000006 0.998046875
0 0.39990234375 0.8230794270833334 0.4861653645833333 0.8230794270833334 0.4861653645833333 0.9158528645833334 0.39990234375 0.9158528645833334
0 0.3380533854166667 0.7644856770833334 0.42431640625000006 0.7644856770833334 0.42431640625000006 0.8458658854166666 0.3380533854166667 0.8458658854166666
0 0.2745768229166667 0.8279622395833334 0.3689778645833333 0.8279622395833334 0.3689778645833333 0.93701171875 0.2745768229166667 0.93701171875
0 0.21435546875 0.89794921875 0.3234049479166667 0.89794921875 0.3234049479166667 0.98095703125 0.21435546875 0.98095703125
0 0.9500325520833333 0.77099609375 0.998046875 0.77099609375 0.998046875 0.858793712797619 0.9500325520833333 0.858793712797619
