0 0.05322265625 0.002766927083333315 0.13460286458333331 0.002766927083333315 0.13460286458333331 0.05647786458333332 0.05322265625 0.05647786458333332
1 0.05322265625 0.06949869791666664 0.17529296875 0.06949869791666664 0.17529296875 0.18505859375 0.05322265625 0.18505859375
0 0.09228515625 0.18505859375 0.18505859375 0.18505859375 0.18505859375 0.24690755208333334 0.09228515625 0.24690755208333334
1 0.08414713541666666 0.22737630208333334 0.27783203125 0.22737630208333334 0.27783203125 0.32177734375 0.08414713541666666 0.32177734375
0 0.002766927083333315 0.19482421875 0.04345703125 0.19482421875 0.04345703125 0.29410807291666663 0.002766927083333315 0.29410807291666663
0 0.004394531249999986 0.31689453125 0.08577473958333331 0.31689453125 0.08577473958333331 0.41617838541666663 0.004394531249999986 0.41617838541666663
0 0.12972005208333331 0.32177734375 0.20458984375 0.32177734375 0.20458984375 0.37711588541666663 0.12972005208333331 0.37711588541666663
0 0.22249348958333331 0.2957356770833333 0.31201171875 0.2957356770833333 0.31201171875 0.37548828125 0.22249348958333331 0.37548828125
1 0.19319661458333331 0.04020182291666665 0.2908528645833333 0.04020182291666665 0.2908528645833333 0.20621744791666666 0.19319661458333331 0.20621744791666666
0 0.2989908854166667 0.08251953124999999 0.39013671875 0.08251953124999999 0.39013671875 0.18505859375 0.2989908854166667 0.18505859375
0 0.39013671875 0.05973307291666665 0.4503580729166667 0.05973307291666665 0.4503580729166667 0.13460286458333334 0.39013671875 0.13460286458333334
0 0.14925130208333331 0.0011393229166666479 0.27294921875 0.0011393229166666479 0.27294921875 0.043457031249999986 0.14925130208333331 0.043457031249999986
0 0.2941080729166667 0.24690755208333334 0.3592122395833333 0.24690755208333334 0.3592122395833333 0.3201497395833333 0.2941080729166667 0.3201497395833333
0 0.33642578125 0.32828776041666663 0.42919921875000006 0.32828776041666663 0.42919921875000006 0.4129231770833333 0.33642578125 0.4129231770833333
0 0.19319661458333331 0.42106119791666663 0.2859700520833333 0.42106119791666663 0.2859700520833333 0.52685546875 0.19319661458333331 0.52685546875
0 0.22412109375 0.5008138020833334 0.3201497395833333 0.5008138020833334 0.3201497395833333 0.59521484375 0.22412109375 0.59521484375
0 0.2810872395833333 0.55615234375 0.3689778645833333 0.55615234375 0.3689778645833333 0.64892578125 0.2810872395833333 0.64892578125
1 0.3380533854166667 0.5626627604166666 0.4650065104166667 0.5626627604166666 0.4650065104166667 0.7058919270833334 0.3380533854166667 0.7058919270833334
1 0.39501953125 0.6163736979166666 0.53173828125 0.6163736979166666 0.53173828125 0.76611328125 0.39501953125 0.76611328125
0 0.4845377604166667 0.45524088541666663 0.5789388020833333 0.45524088541666663 0.5789388020833333 0.56103515625 0.4845377604166667 0.56103515625
0 0.5301106770833333 0.5577799479166666 0.6017252604166667 0.5577799479166666 0.6017252604166667 0.6228841145833334 0.5301106770833333 0.6228841145833334
0 0.5577799479166667 0.56591796875 0.6814778645833333 0.56591796875 0.6814778645833333 0.69287109375 0.5577799479166667 0.69287109375
1 0.33154296875 0.42431640625 0.47802734375000006 0.42431640625 0.47802734375000006 0.55126953125 0.33154296875 0.55126953125
0 0.007649739583333315 0.49755859375 0.07112630208333331 0.49755859375 0.07112630208333331 0.5919596354166666 0.007649739583333315 0.5919596354166666
0 0.038574218749999986 0.5545247395833334 0.13134765625 0.5545247395833334 0.13134765625 0.6717122395833334 0.038574218749999986 0.6717122395833334
0 0.09391276041666666 0.60498046875 0.17366536458333331 0.60498046875 0.17366536458333331 0.6912434895833334 0.09391276041666666 0.6912434895833334
1 0.09879557291666666 0.6554361979166666 0.23063151041666669 0.6554361979166666 0.23063151041666669 0.7791341145833334 0.09879557291666666 0.7791341145833334
0 0.20621744791666669 0.70263671875 0.2957356770833333 0.70263671875 0.2957356770833333 0.80029296875 0.20621744791666669 0.80029296875
0 0.25830078125 0.7596028645833334 0.34130859375 0.7596028645833334 0.34130859375 0.8426106770833334 0.25830078125 0.8426106770833334
0 0.12483723958333331 0.8670247395833334 0.21923828125 0.8670247395833334 0.21923828125 0.96142578125 0.12483723958333331 0.96142578125
0 0.05485026041666666 0.8279622395833334 0.14925130208333331 0.8279622395833334 0.14925130208333331 0.9158528645833334 0.05485026041666666 0.9158528645833334
0 0.019042968749999986 0.7726236979166666 0.10367838541666666 0.7726236979166666 0.10367838541666666 0.8670247395833334 0.019042968749999986 0.8670247395833334
0 0.45849609375000006 0.007649739583333316 0.5480143229166667 0.007649739583333316 0.5480143229166667 0.08089192708333331 0.45849609375000006 0.08089192708333331
0 0.4959309895833333 0.12320963541666664 0.56591796875 0.12320963541666664 0.56591796875 0.18668619791666666 0.4959309895833333 0.18668619791666666
0 0.4471028645833333 0.20133463541666666 0.50732421875 0.20133463541666666 0.50732421875 0.26969401041666663 0.4471028645833333 0.26969401041666663
0 0.50244140625 0.19482421875 0.5740559895833333 0.19482421875 0.5740559895833333 0.25830078125 0.50244140625 0.25830078125
0 0.5301106770833333 0.3299153645833333 0.59033203125 0.3299153645833333 0.59033203125 0.4080403645833333 0.5301106770833333 0.4080403645833333
0 0.5105794270833333 0.25830078125 0.5724283854166667 0.25830078125 0.5724283854166667 0.30387369791666663 0.5105794270833333 0.30387369791666663
1 0.5642903645833333 0.0011393229166666479 0.6896158854166667 0.0011393229166666479 0.6896158854166667 0.09716796874999999 0.5642903645833333 0.09716796874999999
0 0.59033203125 0.10042317708333331 0.6359049479166667 0.10042317708333331 0.6359049479166667 0.15738932291666666 0.59033203125 0.15738932291666666
0 0.6521809895833333 0.09391276041666664 0.71240234375 0.09391276041666664 0.71240234375 0.16878255208333334 0.6521809895833333 0.16878255208333334
1 0.60986328125 0.16715494791666666 0.7107747395833333 0.16715494791666666 0.7107747395833333 0.2957356770833333 0.60986328125 0.2957356770833333
0 0.63916015625 0.29736328125 0.72216796875 0.29736328125 0.72216796875 0.38525390625 0.63916015625 0.38525390625
0 0.6505533854166667 0.37223307291666663 0.7628580729166667 0.37223307291666663 0.7628580729166667 0.4519856770833333 0.6505533854166667 0.4519856770833333
0 0.7644856770833333 0.31852213541666663 0.83935546875 0.31852213541666663 0.83935546875 0.37711588541666663 0.7644856770833333 0.37711588541666663
0 0.7351888020833333 0.22412109375 0.8214518229166667 0.22412109375 0.8214518229166667 0.2957356770833333 0.7351888020833333 0.2957356770833333
0 0.7498372395833333 0.16878255208333334 0.8312174479166667 0.16878255208333334 0.8312174479166667 0.22086588541666666 0.7498372395833333 0.22086588541666666
0 0.7205403645833333 0.08414713541666664 0.8165690104166667 0.08414713541666664 0.8165690104166667 0.14762369791666666 0.7205403645833333 0.14762369791666666
0 0.7010091145833333 0.0011393229166666479 0.78564453125 0.0011393229166666479 0.78564453125 0.07275390624999999 0.7010091145833333 0.07275390624999999
0 0.7335611979166667 0.45361328125 0.82958984375 0.45361328125 0.82958984375 0.5594075520833334 0.7335611979166667 0.5594075520833334
0 0.80517578125 0.5301106770833334 0.89306640625 0.5301106770833334 0.89306640625 0.6277669270833334 0.80517578125 0.6277669270833334
0 0.8898111979166667 0.5056966145833334 0.9679361979166667 0.5056966145833334 0.9679361979166667 0.61962890625 0.8898111979166667 0.61962890625
0 0.97119140625 0.5008138020833334 0.998046875 0.5008138020833334 0.998046875 0.6162923177083336 0.97119140625 0.6162923177083336
0 0.80517578125 0.37548828125 0.88330078125 0.37548828125 0.88330078125 0.44384765625 0.80517578125 0.44384765625
1 0.8312174479166667 0.002766927083333315 0.998046875 0.002766927083333315 0.998046875 0.08062065972222218 0.8312174479166667 0.08062065972222218
0 0.88330078125 0.06136067708333332 0.9890950520833333 0.06136067708333332 0.9890950520833333 0.14111328125 0.88330078125 0.14111328125
0 0.9044596354166667 0.14274088541666666 0.9939778645833333 0.14274088541666666 0.9939778645833333 0.20947265625 0.9044596354166667 0.20947265625
0 0.9532877604166667 0.20947265625 0.9972330729166667 0.20947265625 0.9972330729166667 0.2615559895833333 0.9532877604166667 0.2615559895833333
0 0.9288736979166667 0.28759765625 0.998046875 0.28759765625 0.998046875 0.35253574085884354 0.9288736979166667 0.35253574085884354
1 0.8946940104166667 0.38525390625 0.998046875 0.38525390625 0.998046875 0.4703680300245098 0.8946940104166667 0.4703680300245098
0 0.5577799479166667 0.80517578125 0.6521809895833333 0.80517578125 0.6521809895833333 0.8995768229166666 0.5577799479166667 0.8995768229166666
1 0.6472981770833333 0.7596028645833334 0.74169921875 0.7596028645833334 0.74169921875 0.8556315104166666 0.6472981770833333 0.8556315104166666
0 0.7482096354166667 0.7498372395833334 0.81982421875 0.7498372395833334 0.81982421875 0.8361002604166666 0.7482096354166667 0.8361002604166666
1 0.80029296875 0.75634765625 0.8946940104166667 0.75634765625 0.8946940104166667 0.8946940104166666 0.80029296875 0.8946940104166666
0 0.87841796875 0.8084309895833334 0.95654296875 0.8084309895833334 0.95654296875 0.8914388020833334 0.87841796875 0.8914388020833334
0 0.9288736979166667 0.8361002604166666 0.998046875 0.8361002604166666 0.998046875 0.9774541440217392 0.9288736979166667 0.9774541440217392
1 0.4064127604166667 0.8898111979166666 0.5154622395833333 0.8898111979166666 0.5154622395833333 0.9842122395833334 0.4064127604166667 0.9842122395833334
0 0.6603190104166667 0.8898111979166666 0.7254231770833333 0.8898111979166666 0.7254231770833333 0.94189453125 0.6603190104166667 0.94189453125
0 0.6896158854166667 0.8409830729166666 0.75634765625 0.8409830729166666 0.75634765625 0.9060872395833334 0.6896158854166667 0.9060872395833334
0 0.7303059895833333 0.8751627604166666 0.8702799479166667 0.8751627604166666 0.8702799479166667 0.9972330729166666 0.7303059895833333 0.9972330729166666
