0 0.012532552083333315 0.048339843749999986 0.10367838541666666 0.048339843749999986 0.10367838541666666 0.14111328125 0.012532552083333315 0.14111328125
0 0.10042317708333331 0.06787109374999999 0.18343098958333331 0.06787109374999999 0.18343098958333331 0.17203776041666666 0.10042317708333331 0.17203776041666666
0 0.18668619791666669 0.08089192708333331 0.2745768229166667 0.08089192708333331 0.2745768229166667 0.20296223958333334 0.18668619791666669 0.20296223958333334
0 0.2713216145833333 0.10367838541666664 0.3689778645833333 0.10367838541666664 0.3689778645833333 0.18994140625 0.2713216145833333 0.18994140625
0 0.36572265625 0.11995442708333331 0.44873046875000006 0.11995442708333331 0.44873046875000006 0.21435546875 0.36572265625 0.21435546875
1 0.43408203125000006 0.11669921874999999 0.5528971354166667 0.11669921874999999 0.5528971354166667 0.2957356770833333 0.43408203125000006 0.2957356770833333
0 0.5398763020833333 0.15250651041666666 0.6375325520833333 0.15250651041666666 0.6375325520833333 0.28271484375 0.5398763020833333 0.28271484375
0 0.63427734375 0.23714192708333334 0.7351888020833333 0.23714192708333334 0.7351888020833333 0.3347981770833333 0.63427734375 0.3347981770833333
0 0.5447591145833333 0.002766927083333315 0.6261393229166667 0.002766927083333315 0.6261393229166667 0.03694661458333332 0.5447591145833333 0.03694661458333332
0 0.64404296875 0.0011393229166666479 0.75634765625 0.0011393229166666479 0.75634765625 0.07763671874999999 0.64404296875 0.07763671874999999
0 0.7596028645833333 0.03694661458333332 0.85400390625 0.03694661458333332 0.85400390625 0.13134765625 0.7596028645833333 0.13134765625
0 0.82470703125 0.10856119791666664 0.9386393229166667 0.10856119791666664 0.9386393229166667 0.22574869791666666 0.82470703125 0.22574869791666666
0 0.9256184895833333 0.30224609375 0.998046875 0.30224609375 0.998046875 0.40867147640306123 0.9256184895833333 0.40867147640306123
0 0.94189453125 0.41617838541666663 0.998046875 0.41617838541666663 0.998046875 0.5255276864035089 0.94189453125 0.5255276864035089
0 0.7042643229166667 0.33642578125 0.7970377604166667 0.33642578125 0.7970377604166667 0.43082682291666663 0.7042643229166667 0.43082682291666663
0 0.6863606770833333 0.44873046875 0.8035481770833333 0.44873046875 0.8035481770833333 0.5333658854166666 0.6863606770833333 0.5333658854166666
0 0.7091471354166667 0.5447591145833334 0.80517578125 0.5447591145833334 0.80517578125 0.6326497395833334 0.7091471354166667 0.6326497395833334
0 0.9435221354166667 0.5252278645833334 0.998046875 0.5252278645833334 0.998046875 0.5970409362296748 0.9435221354166667 0.5970409362296748
0 0.9305013020833333 0.6114908854166666 0.998046875 0.6114908854166666 0.998046875 0.6765802556818182 0.9305013020833333 0.6765802556818182
0 0.8898111979166667 0.7058919270833334 0.9939778645833333 0.7058919270833334 0.9939778645833333 0.7921549479166666 0.8898111979166667 0.7921549479166666
0 0.86865234375 0.7872721354166666 0.9679361979166667 0.7872721354166666 0.9679361979166667 0.88818359375 0.86865234375 0.88818359375
0 0.82470703125 0.8767903645833334 0.9484049479166667 0.8767903645833334 0.9484049479166667 0.97119140625 0.82470703125 0.97119140625
0 0.7970377604166667 0.94189453125 0.912462022569444 0.94189453125 0.912462022569444 0.998046875 0.7970377604166667 0.998046875
0 0.55126953125 0.8507486979166666 0.68798828125 0.8507486979166666 0.68798828125 0.9158528645833334 0.55126953125 0.9158528645833334
0 0.6261393229166667 0.7547200520833334 0.69775390625 0.7547200520833334 0.69775390625 0.83447265625 0.6261393229166667 0.83447265625
1 0.6261393229166667 0.65380859375 0.7986653645833333 0.65380859375 0.7986653645833333 0.7742513020833334 0.6261393229166667 0.7742513020833334
0 0.4373372395833333 0.76611328125 0.5333658854166667 0.76611328125 0.5333658854166667 0.85888671875 0.4373372395833333 0.85888671875
0 0.46337890625000006 0.6765950520833334 0.55126953125 0.6765950520833334 0.55126953125 0.7726236979166666 0.46337890625000006 0.7726236979166666
0 0.4959309895833333 0.5789388020833334 0.5838216145833333 0.5789388020833334 0.5838216145833333 0.6619466145833334 0.4959309895833333 0.6619466145833334
0 0.4763997395833333 0.46500651041666663 0.5870768229166667 0.46500651041666663 0.5870768229166667 0.5577799479166666 0.4763997395833333 0.5577799479166666
0 0.41943359375000006 0.3689778645833333 0.5349934895833333 0.3689778645833333 0.5349934895833333 0.46988932291666663 0.41943359375000006 0.46988932291666663
0 0.3331705729166667 0.31852213541666663 0.4226888020833333 0.31852213541666663 0.4226888020833333 0.40641276041666663 0.3331705729166667 0.40641276041666663
0 0.22737630208333331 0.2615559895833333 0.3185221354166667 0.2615559895833333 0.3185221354166667 0.3787434895833333 0.22737630208333331 0.3787434895833333
0 0.14762369791666666 0.2762044270833333 0.22574869791666669 0.2762044270833333 0.22574869791666669 0.3592122395833333 0.14762369791666666 0.3592122395833333
1 0.04020182291666666 0.19319661458333334 0.16227213541666666 0.19319661458333334 0.16227213541666666 0.34293619791666663 0.04020182291666666 0.34293619791666663
0 0.002766927083333315 0.21761067708333334 0.05485026041666666 0.21761067708333334 0.05485026041666666 0.31363932291666663 0.002766927083333315 0.31363932291666663
3 0.0011393229166666574 0.4129231770833333 0.11344401041666666 0.4129231770833333 0.11344401041666666 0.60009765625 0.0011393229166666574 0.60009765625
0 0.10367838541666666 0.46500651041666663 0.16878255208333331 0.46500651041666663 0.16878255208333331 0.5594075520833334 0.10367838541666666 0.5594075520833334
1 0.16389973958333331 0.48291015625 0.2859700520833333 0.48291015625 0.2859700520833333 0.60986328125 0.16389973958333331 0.60986328125
0 0.2794596354166667 0.54638671875 0.3575846354166667 0.54638671875 0.3575846354166667 0.6163736979166666 0.2794596354166667 0.6163736979166666
0 0.22574869791666669 0.64892578125 0.3331705729166667 0.64892578125 0.3331705729166667 0.8035481770833334 0.22574869791666669 0.8035481770833334
0 0.14436848958333331 0.6749674479166666 0.23225911458333331 0.6749674479166666 0.23225911458333331 0.7693684895833334 0.14436848958333331 0.7693684895833334
0 0.04833984375 0.6554361979166666 0.14274088541666666 0.6554361979166666 0.14274088541666666 0.7433268229166666 0.04833984375 0.7433268229166666
1 0.006022135416666657 0.60498046875 0.06624348958333331 0.60498046875 0.06624348958333331 0.7726236979166666 0.006022135416666657 0.7726236979166666
0 0.012532552083333315 0.86865234375 0.09879557291666666 0.86865234375 0.09879557291666666 0.9744466145833334 0.012532552083333315 0.9744466145833334
0 0.08577473958333331 0.89306640625 0.19319661458333331 0.89306640625 0.19319661458333331 0.9890950520833334 0.08577473958333331 0.9890950520833334
0 0.18505859375 0.9142252604166666 0.28271484375 0.9142252604166666 0.28271484375 0.99560546875 0.18505859375 0.99560546875
0 0.2745768229166667 0.9353841145833334 0.3689778645833333 0.9353841145833334 0.3689778645833333 0.9939778645833334 0.2745768229166667 0.9939778645833334
0 0.3689778645833333 0.96142578125 0.4471028645833333 0.96142578125 0.4471028645833333 0.9939778645833334 0.3689778645833333 0.9939778645833334
