0 0.4324544270833333 0.002766927083333315 0.56103515625 0.002766927083333315 0.56103515625 0.07600911458333331 0.4324544270833333 0.07600911458333331
0 0.4698893229166667 0.05485026041666665 0.5935872395833333 0.05485026041666665 0.5935872395833333 0.14111328125 0.4698893229166667 0.14111328125
0 0.5105794270833333 0.14925130208333334 0.6114908854166667 0.14925130208333334 0.6114908854166667 0.23876953125 0.5105794270833333 0.23876953125
0 0.5528971354166667 0.21923828125 0.6652018229166667 0.21923828125 0.6652018229166667 0.33154296875 0.5528971354166667 0.33154296875
0 0.59521484375 0.3055013020833333 0.71728515625 0.3055013020833333 0.71728515625 0.42106119791666663 0.59521484375 0.42106119791666663
0 0.6472981770833333 0.37060546875 0.7433268229166667 0.37060546875 0.7433268229166667 0.4763997395833333 0.6472981770833333 0.4763997395833333
0 0.7091471354166667 0.42594401041666663 0.8426106770833333 0.42594401041666663 0.8426106770833333 0.5594075520833334 0.7091471354166667 0.5594075520833334
0 0.7547200520833333 0.5301106770833334 0.85400390625 0.5301106770833334 0.85400390625 0.6212565104166666 0.7547200520833333 0.6212565104166666
0 0.8116861979166667 0.5626627604166666 0.96142578125 0.5626627604166666 0.96142578125 0.7042643229166666 0.8116861979166667 0.7042643229166666
0 0.8914388020833333 0.6668294270833334 0.98095703125 0.6668294270833334 0.98095703125 0.76611328125 0.8914388020833333 0.76611328125
0 0.93701171875 0.42919921875 0.998046875 0.42919921875 0.998046875 0.5512695312499999 0.93701171875 0.5512695312499999
0 0.8800455729166667 0.37060546875 0.98095703125 0.37060546875 0.98095703125 0.4666341145833333 0.8800455729166667 0.4666341145833333
0 0.78564453125 0.3152669270833333 0.9044596354166667 0.3152669270833333 0.9044596354166667 0.4031575520833333 0.78564453125 0.4031575520833333
1 0.73193359375 0.21923828125 0.8670247395833333 0.21923828125 0.8670247395833333 0.33642578125 0.73193359375 0.33642578125
0 0.6847330729166667 0.12809244791666666 0.81005859375 0.12809244791666666 0.81005859375 0.24527994791666666 0.6847330729166667 0.24527994791666666
0 0.65869140625 0.06461588541666664 0.74658203125 0.06461588541666664 0.74658203125 0.15576171875 0.65869140625 0.15576171875
0 0.60009765625 0.0011393229166666479 0.7433268229166667 0.0011393229166666479 0.7433268229166667 0.08577473958333331 0.60009765625 0.08577473958333331
0 0.8653971354166667 0.002766927083333315 0.9402669270833333 0.002766927083333315 0.9402669270833333 0.033691406249999986 0.8653971354166667 0.033691406249999986
0 0.89306640625 0.020670572916666647 0.9874674479166667 0.020670572916666647 0.9874674479166667 0.11018880208333331 0.89306640625 0.11018880208333331
0 0.9386393229166667 0.10530598958333331 0.998046875 0.10530598958333331 0.998046875 0.20067074424342105 0.9386393229166667 0.20067074424342105
0 0.19156901041666669 0.023925781249999983 0.3136393229166667 0.023925781249999983 0.3136393229166667 0.13623046875 0.19156901041666669 0.13623046875
0 0.14762369791666666 0.10205078124999999 0.2501627604166667 0.10205078124999999 0.2501627604166667 0.20133463541666666 0.14762369791666666 0.20133463541666666
0 0.07763671875 0.16389973958333334 0.21598307291666669 0.16389973958333334 0.21598307291666669 0.27945963541666663 0.07763671875 0.27945963541666663
0 0.030436197916666657 0.23876953125 0.13297526041666666 0.23876953125 0.13297526041666666 0.33805338541666663 0.030436197916666657 0.33805338541666663
0 0.006022135416666657 0.29736328125 0.09554036458333331 0.29736328125 0.09554036458333331 0.43082682291666663 0.006022135416666657 0.43082682291666663
0 0.2713216145833333 0.19319661458333334 0.3868815104166667 0.19319661458333334 0.3868815104166667 0.30224609375 0.2713216145833333 0.30224609375
0 0.22086588541666669 0.26481119791666663 0.33642578125 0.26481119791666663 0.33642578125 0.3738606770833333 0.22086588541666669 0.3738606770833333
0 0.14436848958333331 0.33805338541666663 0.28759765625 0.33805338541666663 0.28759765625 0.44873046875 0.14436848958333331 0.44873046875
0 0.10530598958333331 0.4275716145833333 0.22574869791666669 0.4275716145833333 0.22574869791666669 0.5349934895833334 0.10530598958333331 0.5349934895833334
0 0.04508463541666666 0.47802734375 0.16389973958333331 0.47802734375 0.16389973958333331 0.5968424479166666 0.04508463541666666 0.5968424479166666
0 0.002766927083333315 0.57568359375 0.11995442708333331 0.57568359375 0.11995442708333331 0.7189127604166666 0.002766927083333315 0.7189127604166666
0 0.020670572916666657 0.7254231770833334 0.12972005208333331 0.7254231770833334 0.12972005208333331 0.8507486979166666 0.020670572916666657 0.8507486979166666
0 0.11995442708333331 0.8068033854166666 0.22737630208333331 0.8068033854166666 0.22737630208333331 0.92236328125 0.11995442708333331 0.92236328125
0 0.16552734375 0.83935546875 0.3152669270833333 0.83935546875 0.3152669270833333 0.9923502604166666 0.16552734375 0.9923502604166666
0 0.2713216145833333 0.9191080729166666 0.3722330729166667 0.9191080729166666 0.3722330729166667 0.99560546875 0.2713216145833333 0.99560546875
0 0.24365234375 0.6326497395833334 0.3592122395833333 0.6326497395833334 0.3592122395833333 0.73681640625 0.24365234375 0.73681640625
0 0.3038736979166667 0.5382486979166666 0.4112955729166667 0.5382486979166666 0.4112955729166667 0.6652018229166666 0.3038736979166667 0.6652018229166666
0 0.34130859375 0.46012369791666663 0.45849609375000006 0.46012369791666663 0.45849609375000006 0.5838216145833334 0.34130859375 0.5838216145833334
0 0.4015299479166667 0.40152994791666663 0.4959309895833333 0.40152994791666663 0.4959309895833333 0.5089518229166666 0.4015299479166667 0.5089518229166666
0 0.48779296875000006 0.5284830729166666 0.6017252604166667 0.5284830729166666 0.6017252604166667 0.6407877604166666 0.48779296875000006 0.6407877604166666
0 0.3494466145833333 0.68798828125 0.4812825520833333 0.68798828125 0.4812825520833333 0.8068033854166666 0.3494466145833333 0.8068033854166666
0 0.5382486979166667 0.6163736979166666 0.64892578125 0.6163736979166666 0.64892578125 0.7205403645833334 0.5382486979166667 0.7205403645833334
0 0.4308268229166667 0.7644856770833334 0.52197265625 0.7644856770833334 0.52197265625 0.8572591145833334 0.4308268229166667 0.8572591145833334
0 0.4910481770833333 0.8165690104166666 0.60498046875 0.8165690104166666 0.60498046875 0.91748046875 0.4910481770833333 0.91748046875
0 0.60986328125 0.6847330729166666 0.7189127604166667 0.6847330729166666 0.7189127604166667 0.8133138020833334 0.60986328125 0.8133138020833334
0 0.6863606770833333 0.75634765625 0.7970377604166667 0.75634765625 0.7970377604166667 0.8849283854166666 0.6863606770833333 0.8849283854166666
0 0.7498372395833333 0.83447265625 0.8995768229166667 0.83447265625 0.8995768229166667 0.9744466145833334 0.7498372395833333 0.9744466145833334
0 0.5594075520833333 0.86865234375 0.7058919270833333 0.86865234375 0.7058919270833333 0.99560546875 0.5594075520833333 0.99560546875
0 0.85888671875 0.9305013020833334 0.9730709015376983 0.9305013020833334 0.9730709015376983 0.998046875 0.85888671875 0.998046875
