0 0.002766927083333315 0.65380859375 0.08902994791666666 0.65380859375 0.08902994791666666 0.8116861979166666 0.002766927083333315 0.8116861979166666
0 0.10205078125 0.7156575520833334 0.16878255208333331 0.7156575520833334 0.16878255208333331 0.8181966145833334 0.10205078125 0.8181966145833334
0 0.18017578125 0.7433268229166666 0.2615559895833333 0.7433268229166666 0.2615559895833333 0.8230794270833334 0.18017578125 0.8230794270833334
0 0.2745768229166667 0.7449544270833334 0.36572265625 0.7449544270833334 0.36572265625 0.8328450520833334 0.2745768229166667 0.8328450520833334
0 0.3689778645833333 0.7644856770833334 0.4503580729166667 0.7644856770833334 0.4503580729166667 0.84912109375 0.3689778645833333 0.84912109375
0 0.4471028645833333 0.7140299479166666 0.54150390625 0.7140299479166666 0.54150390625 0.8605143229166666 0.4471028645833333 0.8605143229166666
0 0.5431315104166667 0.7823893229166666 0.62451171875 0.7823893229166666 0.62451171875 0.87353515625 0.5431315104166667 0.87353515625
2 0.6896158854166667 0.7351888020833334 0.9500325520833333 0.7351888020833334 0.9500325520833333 0.9874674479166666 0.6896158854166667 0.9874674479166666
2 0.004394531249999986 0.91259765625 0.10092050057870346 0.91259765625 0.10092050057870346 0.998046875 0.004394531249999986 0.998046875
0 0.10205078125 0.94677734375 0.2232333096590904 0.94677734375 0.2232333096590904 0.998046875 0.10205078125 0.998046875
