0 0.012532552083333315 0.03206380208333332 0.06787109375 0.03206380208333332 0.06787109375 0.09716796874999999 0.012532552083333315 0.09716796874999999
1 0.06787109375 0.025553385416666647 0.15087890625 0.025553385416666647 0.15087890625 0.11669921874999999 0.06787109375 0.11669921874999999
0 0.014160156249999986 0.11507161458333331 0.11344401041666666 0.11507161458333331 0.11344401041666666 0.19319661458333334 0.014160156249999986 0.19319661458333334
0 0.15576171875 0.10042317708333331 0.22574869791666669 0.10042317708333331 0.22574869791666669 0.17366536458333334 0.15576171875 0.17366536458333334
0 0.21923828125 0.06787109374999999 0.3006184895833333 0.06787109374999999 0.3006184895833333 0.17041015625 0.21923828125 0.17041015625
0 0.2957356770833333 0.07438151041666664 0.3771158854166667 0.07438151041666664 0.3771158854166667 0.16064453125 0.2957356770833333 0.16064453125
0 0.3689778645833333 0.012532552083333315 0.45361328125000006 0.012532552083333315 0.45361328125000006 0.16389973958333334 0.3689778645833333 0.16389973958333334
0 0.4503580729166667 0.004394531249999982 0.5398763020833333 0.004394531249999982 0.5398763020833333 0.15738932291666666 0.4503580729166667 0.15738932291666666
0 0.007649739583333315 0.27783203125 0.11181640625 0.27783203125 0.11181640625 0.36572265625 0.007649739583333315 0.36572265625
0 0.010904947916666657 0.3640950520833333 0.08577473958333331 0.3640950520833333 0.08577473958333331 0.43896484375 0.010904947916666657 0.43896484375
0 0.004394531249999986 0.44547526041666663 0.08251953125 0.44547526041666663 0.08251953125 0.5187174479166666 0.004394531249999986 0.5187174479166666
0 0.009277343749999986 0.5252278645833334 0.09228515625 0.5252278645833334 0.09228515625 0.60009765625 0.009277343749999986 0.60009765625
0 0.004394531249999986 0.60498046875 0.07600911458333331 0.60498046875 0.07600911458333331 0.6912434895833334 0.004394531249999986 0.6912434895833334
0 0.006022135416666657 0.68798828125 0.10367838541666666 0.68798828125 0.10367838541666666 0.7677408854166666 0.006022135416666657 0.7677408854166666
0 0.004394531249999986 0.7726236979166666 0.09391276041666666 0.7726236979166666 0.09391276041666666 0.85400390625 0.004394531249999986 0.85400390625
0 0.002766927083333315 0.8572591145833334 0.09065755208333331 0.8572591145833334 0.09065755208333331 0.9386393229166666 0.002766927083333315 0.9386393229166666
2 0.12158203125 0.63427734375 0.2859700520833333 0.63427734375 0.2859700520833333 0.8572591145833334 0.12158203125 0.8572591145833334
3 0.12158203125 0.51708984375 0.29736328125 0.51708984375 0.29736328125 0.63427734375 0.12158203125 0.63427734375
2 0.17041015625 0.41617838541666663 0.3201497395833333 0.41617838541666663 0.3201497395833333 0.5349934895833334 0.17041015625 0.5349934895833334
0 0.13460286458333331 0.2810872395833333 0.22900390625 0.2810872395833333 0.22900390625 0.37223307291666663 0.13460286458333331 0.37223307291666663
0 0.24365234375 0.28271484375 0.30712890625 0.28271484375 0.30712890625 0.35595703125 0.24365234375 0.35595703125
0 0.31201171875 0.2762044270833333 0.3885091145833333 0.2762044270833333 0.3885091145833333 0.3640950520833333 0.31201171875 0.3640950520833333
0 0.39013671875 0.25992838541666663 0.4666341145833333 0.25992838541666663 0.4666341145833333 0.34293619791666663 0.39013671875 0.34293619791666663
0 0.4698893229166667 0.29248046875 0.5642903645833333 0.29248046875 0.5642903645833333 0.40152994791666663 0.4698893229166667 0.40152994791666663
2 0.36083984375 0.42106119791666663 0.4422200520833333 0.42106119791666663 0.4422200520833333 0.5838216145833334 0.36083984375 0.5838216145833334
2 0.4552408854166667 0.4422200520833333 0.5284830729166667 0.4422200520833333 0.5284830729166667 0.5773111979166666 0.4552408854166667 0.5773111979166666
0 0.53173828125 0.45361328125 0.6163736979166667 0.45361328125 0.6163736979166667 0.53662109375 0.53173828125 0.53662109375
0 0.3819986979166667 0.6554361979166666 0.4568684895833333 0.6554361979166666 0.4568684895833333 0.73681640625 0.3819986979166667 0.73681640625
0 0.4601236979166667 0.65380859375 0.5252278645833333 0.65380859375 0.5252278645833333 0.7579752604166666 0.4601236979166667 0.7579752604166666
0 0.5349934895833333 0.65869140625 0.6131184895833333 0.65869140625 0.6131184895833333 0.7547200520833334 0.5349934895833333 0.7547200520833334
0 0.61962890625 0.6619466145833334 0.69287109375 0.6619466145833334 0.69287109375 0.7693684895833334 0.61962890625 0.7693684895833334
0 0.71240234375 0.69775390625 0.7823893229166667 0.69775390625 0.7823893229166667 0.80029296875 0.71240234375 0.80029296875
0 0.77587890625 0.6570638020833334 0.85888671875 0.6570638020833334 0.85888671875 0.74169921875 0.77587890625 0.74169921875
2 0.86376953125 0.5968424479166666 0.9695638020833333 0.5968424479166666 0.9695638020833333 0.7872721354166666 0.86376953125 0.7872721354166666
0 0.9500325520833333 0.6212565104166666 0.998046875 0.6212565104166666 0.998046875 0.702122738486842 0.9500325520833333 0.702122738486842
3 0.6863606770833333 0.4178059895833333 0.81005859375 0.4178059895833333 0.81005859375 0.5789388020833334 0.6863606770833333 0.5789388020833334
3 0.7742513020833333 0.33805338541666663 0.9744466145833333 0.33805338541666663 0.9744466145833333 0.5349934895833334 0.7742513020833333 0.5349934895833334
2 0.7482096354166667 0.25016276041666663 0.8914388020833333 0.25016276041666663 0.8914388020833333 0.34619140625 0.7482096354166667 0.34619140625
3 0.6912434895833333 0.18017578125 0.81982421875 0.18017578125 0.81982421875 0.27945963541666663 0.6912434895833333 0.27945963541666663
2 0.90283203125 0.04020182291666665 0.998046875 0.04020182291666665 0.998046875 0.13108871922348483 0.90283203125 0.13108871922348483
1 0.3738606770833333 0.8068033854166666 0.4601236979166667 0.8068033854166666 0.4601236979166667 0.93701171875 0.3738606770833333 0.93701171875
0 0.4568684895833333 0.8523763020833334 0.5138346354166667 0.8523763020833334 0.5138346354166667 0.9386393229166666 0.4568684895833333 0.9386393229166666
0 0.5480143229166667 0.8670247395833334 0.6066080729166667 0.8670247395833334 0.6066080729166667 0.9549153645833334 0.5480143229166667 0.9549153645833334
0 0.6082356770833333 0.8719075520833334 0.68798828125 0.8719075520833334 0.68798828125 0.96142578125 0.6082356770833333 0.96142578125
0 0.6912434895833333 0.8409830729166666 0.7726236979166667 0.8409830729166666 0.7726236979166667 0.9646809895833334 0.6912434895833333 0.9646809895833334
0 0.78564453125 0.8165690104166666 0.86376953125 0.8165690104166666 0.86376953125 0.8914388020833334 0.78564453125 0.8914388020833334
0 0.78076171875 0.8946940104166666 0.8458658854166667 0.8946940104166666 0.8458658854166667 0.9597981770833334 0.78076171875 0.9597981770833334
2 0.8670247395833333 0.82470703125 0.99560546875 0.82470703125 0.99560546875 0.99560546875 0.8670247395833333 0.99560546875
