0 0.006022135416666657 0.09391276041666664 0.08414713541666666 0.09391276041666664 0.08414713541666666 0.17203776041666666 0.006022135416666657 0.17203776041666666
0 0.004394531249999986 0.002766927083333315 0.07763671875 0.002766927083333315 0.07763671875 0.04996744791666665 0.004394531249999986 0.04996744791666665
0 0.004394531249999986 0.17529296875 0.04508463541666666 0.17529296875 0.04508463541666666 0.2517903645833333 0.004394531249999986 0.2517903645833333
1 0.007649739583333315 0.25830078125 0.10693359375 0.25830078125 0.10693359375 0.3445638020833333 0.007649739583333315 0.3445638020833333
0 0.009277343749999986 0.35107421875 0.06949869791666666 0.35107421875 0.06949869791666666 0.4031575520833333 0.009277343749999986 0.4031575520833333
0 0.007649739583333315 0.40641276041666663 0.07275390625 0.40641276041666663 0.07275390625 0.44547526041666663 0.007649739583333315 0.44547526041666663
0 0.002766927083333315 0.4519856770833333 0.07438151041666666 0.4519856770833333 0.07438151041666666 0.5480143229166666 0.002766927083333315 0.5480143229166666
2 0.07600911458333331 0.5594075520833334 0.20296223958333331 0.5594075520833334 0.20296223958333331 0.7335611979166666 0.07600911458333331 0.7335611979166666
0 0.006022135416666657 0.60498046875 0.09879557291666666 0.60498046875 0.09879557291666666 0.7433268229166666 0.006022135416666657 0.7433268229166666
2 0.06298828125 0.87353515625 0.3309248912183543 0.87353515625 0.3309248912183543 0.998046875 0.06298828125 0.998046875
2 0.8409830729166667 0.86865234375 0.99072265625 0.86865234375 0.99072265625 0.9939778645833334 0.8409830729166667 0.9939778645833334
2 0.6033528645833333 0.15738932291666666 0.7547200520833333 0.15738932291666666 0.7547200520833333 0.26969401041666663 0.6033528645833333 0.26969401041666663
2 0.6017252604166667 0.022298177083333315 0.9435221354166667 0.022298177083333315 0.9435221354166667 0.17692057291666666 0.6017252604166667 0.17692057291666666
