0 0.004394531249999986 0.24039713541666666 0.056477864583333315 0.24039713541666666 0.056477864583333315 0.34293619791666663 0.004394531249999986 0.34293619791666663
0 0.027180989583333315 0.31363932291666663 0.11995442708333331 0.31363932291666663 0.11995442708333331 0.39176432291666663 0.027180989583333315 0.39176432291666663
0 0.09554036458333331 0.36572265625 0.16878255208333331 0.36572265625 0.16878255208333331 0.43896484375 0.09554036458333331 0.43896484375
0 0.15901692708333331 0.42106119791666663 0.23551432291666669 0.42106119791666663 0.23551432291666669 0.5089518229166666 0.15901692708333331 0.5089518229166666
0 0.21435546875 0.47314453125 0.2810872395833333 0.47314453125 0.2810872395833333 0.5382486979166666 0.21435546875 0.5382486979166666
2 0.24039713541666669 0.52685546875 0.36083984375 0.52685546875 0.36083984375 0.66357421875 0.24039713541666669 0.66357421875
0 0.35107421875 0.56591796875 0.4259440104166667 0.56591796875 0.4259440104166667 0.6521809895833334 0.35107421875 0.6521809895833334
2 0.006022135416666657 0.48291015625 0.13623046875 0.48291015625 0.13623046875 0.6814778645833334 0.006022135416666657 0.6814778645833334
0 0.009277343749999986 0.7205403645833334 0.056477864583333315 0.7205403645833334 0.056477864583333315 0.7840169270833334 0.009277343749999986 0.7840169270833334
1 0.06787109375 0.7254231770833334 0.15738932291666666 0.7254231770833334 0.15738932291666666 0.8458658854166666 0.06787109375 0.8458658854166666
0 0.16715494791666669 0.75634765625 0.22086588541666669 0.75634765625 0.22086588541666669 0.8181966145833334 0.16715494791666669 0.8181966145833334
1 0.22249348958333331 0.7530924479166666 0.3087565104166667 0.7530924479166666 0.3087565104166667 0.8800455729166666 0.22249348958333331 0.8800455729166666
0 0.3282877604166667 0.7986653645833334 0.3787434895833333 0.7986653645833334 0.3787434895833333 0.8605143229166666 0.3282877604166667 0.8605143229166666
1 0.3738606770833333 0.7888997395833334 0.4698893229166667 0.7888997395833334 0.4698893229166667 0.8914388020833334 0.3738606770833333 0.8914388020833334
0 0.4601236979166667 0.8181966145833334 0.5040690104166667 0.8181966145833334 0.5040690104166667 0.8914388020833334 0.4601236979166667 0.8914388020833334
0 0.5056966145833333 0.8214518229166666 0.54638671875 0.8214518229166666 0.54638671875 0.88818359375 0.5056966145833333 0.88818359375
0 0.5447591145833333 0.83447265625 0.6310221354166667 0.83447265625 0.6310221354166667 0.9109700520833334 0.5447591145833333 0.9109700520833334
2 0.6359049479166667 0.7937825520833334 0.8116861979166667 0.7937825520833334 0.8116861979166667 0.9581705729166666 0.6359049479166667 0.9581705729166666
3 0.3885091145833333 0.6456705729166666 0.5056966145833333 0.6456705729166666 0.5056966145833333 0.7482096354166666 0.3885091145833333 0.7482096354166666
