0 0.06787109375 0.006022135416666648 0.18994140625 0.006022135416666648 0.18994140625 0.08414713541666664 0.06787109375 0.08414713541666664
0 0.15250651041666666 0.033691406249999986 0.24853515625 0.033691406249999986 0.24853515625 0.14111328125 0.15250651041666666 0.14111328125
0 0.24202473958333331 0.08089192708333331 0.34619140625 0.08089192708333331 0.34619140625 0.17854817708333334 0.24202473958333331 0.17854817708333334
0 0.18180338541666669 0.25992838541666663 0.2713216145833333 0.25992838541666663 0.2713216145833333 0.36572265625 0.18180338541666669 0.36572265625
0 0.11507161458333331 0.22249348958333334 0.19645182291666669 0.22249348958333334 0.19645182291666669 0.29248046875 0.11507161458333331 0.29248046875
0 0.009277343749999986 0.09228515624999999 0.06949869791666666 0.09228515624999999 0.06949869791666666 0.23551432291666666 0.009277343749999986 0.23551432291666666
0 0.04020182291666666 0.19645182291666666 0.12646484375 0.19645182291666666 0.12646484375 0.26969401041666663 0.04020182291666666 0.26969401041666663
0 0.010904947916666657 0.3738606770833333 0.10205078125 0.3738606770833333 0.10205078125 0.49755859375 0.010904947916666657 0.49755859375
0 0.10205078125 0.42594401041666663 0.18994140625 0.42594401041666663 0.18994140625 0.53662109375 0.10205078125 0.53662109375
0 0.03531901041666666 0.6375325520833334 0.08902994791666666 0.6375325520833334 0.08902994791666666 0.7254231770833334 0.03531901041666666 0.7254231770833334
0 0.05810546875 0.5935872395833334 0.13460286458333331 0.5935872395833334 0.13460286458333331 0.6456705729166666 0.05810546875 0.6456705729166666
0 0.29736328125 0.53173828125 0.3868815104166667 0.53173828125 0.3868815104166667 0.6114908854166666 0.29736328125 0.6114908854166666
0 0.25830078125 0.5870768229166666 0.3933919270833333 0.5870768229166666 0.3933919270833333 0.7058919270833334 0.25830078125 0.7058919270833334
0 0.21435546875 0.68798828125 0.3478190104166667 0.68798828125 0.3478190104166667 0.7791341145833334 0.21435546875 0.7791341145833334
0 0.17692057291666669 0.7547200520833334 0.2957356770833333 0.7547200520833334 0.2957356770833333 0.8426106770833334 0.17692057291666669 0.8426106770833334
0 0.14599609375 0.8377278645833334 0.24039713541666669 0.8377278645833334 0.24039713541666669 0.9207356770833334 0.14599609375 0.9207356770833334
0 0.12320963541666666 0.90771484375 0.19645182291666669 0.90771484375 0.19645182291666669 0.9923502604166666 0.12320963541666666 0.9923502604166666
0 0.3836263020833333 0.34781901041666663 0.4763997395833333 0.34781901041666663 0.4763997395833333 0.44384765625 0.3836263020833333 0.44384765625
0 0.39501953125 0.2615559895833333 0.5008138020833333 0.2615559895833333 0.5008138020833333 0.3543294270833333 0.39501953125 0.3543294270833333
0 0.42431640625000006 0.19645182291666666 0.5252278645833333 0.19645182291666666 0.5252278645833333 0.28759765625 0.42431640625000006 0.28759765625
0 0.4568684895833333 0.12646484375 0.5724283854166667 0.12646484375 0.5724283854166667 0.22900390625 0.4568684895833333 0.22900390625
0 0.5089518229166667 0.03206380208333332 0.6407877604166667 0.03206380208333332 0.6407877604166667 0.14274088541666666 0.5089518229166667 0.14274088541666666
0 0.70263671875 0.0011393229166666479 0.84423828125 0.0011393229166666479 0.84423828125 0.07763671874999999 0.70263671875 0.07763671874999999
0 0.6863606770833333 0.07275390624999999 0.81005859375 0.07275390624999999 0.81005859375 0.16715494791666666 0.6863606770833333 0.16715494791666666
0 0.65380859375 0.13785807291666666 0.78076171875 0.13785807291666666 0.78076171875 0.22900390625 0.65380859375 0.22900390625
0 0.5984700520833333 0.20296223958333334 0.7335611979166667 0.20296223958333334 0.7335611979166667 0.3006184895833333 0.5984700520833333 0.3006184895833333
1 0.5398763020833333 0.25992838541666663 0.73681640625 0.25992838541666663 0.73681640625 0.39013671875 0.5398763020833333 0.39013671875
0 0.5740559895833333 0.37711588541666663 0.68310546875 0.37711588541666663 0.68310546875 0.4666341145833333 0.5740559895833333 0.4666341145833333
0 0.5528971354166667 0.46988932291666663 0.6326497395833333 0.46988932291666663 0.6326497395833333 0.5382486979166666 0.5528971354166667 0.5382486979166666
0 0.4422200520833333 0.6375325520833334 0.5821940104166667 0.6375325520833334 0.5821940104166667 0.73193359375 0.4422200520833333 0.73193359375
0 0.4226888020833333 0.72216796875 0.53173828125 0.72216796875 0.53173828125 0.8068033854166666 0.4226888020833333 0.8068033854166666
0 0.3917643229166667 0.78564453125 0.50732421875 0.78564453125 0.50732421875 0.87841796875 0.3917643229166667 0.87841796875
0 0.37060546875 0.8621419270833334 0.4763997395833333 0.8621419270833334 0.4763997395833333 0.9646809895833334 0.37060546875 0.9646809895833334
