0 0.5154622395833333 0.006022135416666648 0.6570638020833333 0.006022135416666648 0.6570638020833333 0.08740234374999999 0.5154622395833333 0.08740234374999999
1 0.7010091145833333 0.04671223958333332 0.7970377604166667 0.04671223958333332 0.7970377604166667 0.16389973958333334 0.7010091145833333 0.16389973958333334
0 0.70751953125 0.0011393229166666479 0.82958984375 0.0011393229166666479 0.82958984375 0.06136067708333332 0.70751953125 0.06136067708333332
0 0.9044596354166667 0.053222656249999986 0.9939778645833333 0.053222656249999986 0.9939778645833333 0.15576171875 0.9044596354166667 0.15576171875
0 0.8702799479166667 0.15250651041666666 0.96630859375 0.15250651041666666 0.96630859375 0.2517903645833333 0.8702799479166667 0.2517903645833333
2 0.05485026041666666 0.18505859375 0.20296223958333331 0.18505859375 0.20296223958333331 0.38199869791666663 0.05485026041666666 0.38199869791666663
2 0.032063802083333315 0.3543294270833333 0.18017578125 0.3543294270833333 0.18017578125 0.4910481770833333 0.032063802083333315 0.4910481770833333
0 0.03531901041666666 0.46500651041666663 0.13948567708333331 0.46500651041666663 0.13948567708333331 0.5740559895833334 0.03531901041666666 0.5740559895833334
0 0.009277343749999986 0.55126953125 0.09228515625 0.55126953125 0.09228515625 0.6424153645833334 0.009277343749999986 0.6424153645833334
0 0.4568684895833333 0.16064453125 0.5349934895833333 0.16064453125 0.5349934895833333 0.24039713541666666 0.4568684895833333 0.24039713541666666
0 0.4210611979166667 0.22737630208333334 0.5236002604166667 0.22737630208333334 0.5236002604166667 0.32828776041666663 0.4210611979166667 0.32828776041666663
0 0.37060546875 0.30224609375 0.49267578125000006 0.30224609375 0.49267578125000006 0.40478515625 0.37060546875 0.40478515625
1 0.56103515625 0.20133463541666666 0.6521809895833333 0.20133463541666666 0.6521809895833333 0.3640950520833333 0.56103515625 0.3640950520833333
0 0.50732421875 0.37223307291666663 0.5789388020833333 0.37223307291666663 0.5789388020833333 0.45849609375 0.50732421875 0.45849609375
0 0.6652018229166667 0.2517903645833333 0.7644856770833333 0.2517903645833333 0.7644856770833333 0.35758463541666663 0.6652018229166667 0.35758463541666663
0 0.5919596354166667 0.41617838541666663 0.6652018229166667 0.41617838541666663 0.6652018229166667 0.50244140625 0.5919596354166667 0.50244140625
0 0.71240234375 0.3299153645833333 0.8035481770833333 0.3299153645833333 0.8035481770833333 0.41617838541666663 0.71240234375 0.41617838541666663
0 0.6310221354166667 0.44384765625 0.7530924479166667 0.44384765625 0.7530924479166667 0.59033203125 0.6310221354166667 0.59033203125
0 0.8068033854166667 0.34130859375 0.9044596354166667 0.34130859375 0.9044596354166667 0.4422200520833333 0.8068033854166667 0.4422200520833333
0 0.8523763020833333 0.3836263020833333 0.9728190104166667 0.3836263020833333 0.9728190104166667 0.5252278645833334 0.8523763020833333 0.5252278645833334
0 0.7205403645833333 0.5284830729166666 0.80517578125 0.5284830729166666 0.80517578125 0.6082356770833334 0.7205403645833333 0.6082356770833334
0 0.7775065104166667 0.5642903645833334 0.8914388020833333 0.5642903645833334 0.8914388020833333 0.6847330729166666 0.7775065104166667 0.6847330729166666
0 0.8361002604166667 0.61474609375 0.9451497395833333 0.61474609375 0.9451497395833333 0.7254231770833334 0.8361002604166667 0.7254231770833334
0 0.8898111979166667 0.6668294270833334 0.9939778645833333 0.6668294270833334 0.9939778645833333 0.7921549479166666 0.8898111979166667 0.7921549479166666
0 0.9630533854166667 0.43896484375 0.998046875 0.43896484375 0.998046875 0.5276983351934526 0.9630533854166667 0.5276983351934526
0 0.27783203125 0.46337890625 0.3673502604166667 0.46337890625 0.3673502604166667 0.55126953125 0.27783203125 0.55126953125
0 0.3494466145833333 0.5187174479166666 0.43896484375000006 0.5187174479166666 0.43896484375000006 0.6066080729166666 0.3494466145833333 0.6066080729166666
0 0.4324544270833333 0.5626627604166666 0.54150390625 0.5626627604166666 0.54150390625 0.6847330729166666 0.4324544270833333 0.6847330729166666
0 0.5154622395833333 0.61474609375 0.5984700520833333 0.61474609375 0.5984700520833333 0.71240234375 0.5154622395833333 0.71240234375
0 0.55126953125 0.67822265625 0.6668294270833333 0.67822265625 0.6668294270833333 0.7970377604166666 0.55126953125 0.7970377604166666
0 0.6310221354166667 0.7189127604166666 0.72705078125 0.7189127604166666 0.72705078125 0.84423828125 0.6310221354166667 0.84423828125
0 0.68310546875 0.7791341145833334 0.7921549479166667 0.7791341145833334 0.7921549479166667 0.89306640625 0.68310546875 0.89306640625
0 0.7482096354166667 0.8230794270833334 0.85888671875 0.8230794270833334 0.85888671875 0.9549153645833334 0.7482096354166667 0.9549153645833334
0 0.8116861979166667 0.8995768229166666 0.9158528645833333 0.8995768229166666 0.9158528645833333 0.98095703125 0.8116861979166667 0.98095703125
0 0.21110026041666669 0.6277669270833334 0.31689453125 0.6277669270833334 0.31689453125 0.7254231770833334 0.21110026041666669 0.7254231770833334
0 0.29248046875 0.6570638020833334 0.3917643229166667 0.6570638020833334 0.3917643229166667 0.7596028645833334 0.29248046875 0.7596028645833334
0 0.3575846354166667 0.71728515625 0.4552408854166667 0.71728515625 0.4552408854166667 0.82958984375 0.3575846354166667 0.82958984375
0 0.4129231770833333 0.7888997395833334 0.5154622395833333 0.7888997395833334 0.5154622395833333 0.8849283854166666 0.4129231770833333 0.8849283854166666
0 0.4763997395833333 0.87353515625 0.5740559895833333 0.87353515625 0.5740559895833333 0.96630859375 0.4763997395833333 0.96630859375
0 0.5447591145833333 0.91259765625 0.6760977285879627 0.91259765625 0.6760977285879627 0.998046875 0.5447591145833333 0.998046875
0 0.09554036458333331 0.7872721354166666 0.21272786458333331 0.7872721354166666 0.21272786458333331 0.89794921875 0.09554036458333331 0.89794921875
0 0.14436848958333331 0.85888671875 0.2517903645833333 0.85888671875 0.2517903645833333 0.9597981770833334 0.14436848958333331 0.9597981770833334
0 0.22086588541666669 0.8995768229166666 0.33386430584016386 0.8995768229166666 0.33386430584016386 0.998046875 0.22086588541666669 0.998046875
