2 0.022298177083333315 0.012532552083333315 0.17041015625 0.012532552083333315 0.17041015625 0.13623046875 0.022298177083333315 0.13623046875
2 0.22737630208333331 0.04508463541666665 0.4503580729166667 0.04508463541666665 0.4503580729166667 0.29248046875 0.22737630208333331 0.29248046875
0 0.11507161458333331 0.40478515625 0.19970703125 0.40478515625 0.19970703125 0.48942057291666663 0.11507161458333331 0.48942057291666663
2 0.023925781249999986 0.40641276041666663 0.12483723958333331 0.40641276041666663 0.12483723958333331 0.57080078125 0.023925781249999986 0.57080078125
0 0.010904947916666657 0.65380859375 0.07438151041666666 0.65380859375 0.07438151041666666 0.73681640625 0.010904947916666657 0.73681640625
1 0.061360677083333315 0.6066080729166666 0.16389973958333331 0.6066080729166666 0.16389973958333331 0.72705078125 0.061360677083333315 0.72705078125
0 0.15576171875 0.5870768229166666 0.23876953125 0.5870768229166666 0.23876953125 0.7156575520833334 0.15576171875 0.7156575520833334
1 0.0011393229166666574 0.80517578125 0.08577473958333331 0.80517578125 0.08577473958333331 0.9500325520833334 0.0011393229166666574 0.9500325520833334
1 0.06298828125 0.7726236979166666 0.15250651041666666 0.7726236979166666 0.15250651041666666 0.9288736979166666 0.06298828125 0.9288736979166666
0 0.15413411458333331 0.7823893229166666 0.23063151041666669 0.7823893229166666 0.23063151041666669 0.9060872395833334 0.15413411458333331 0.9060872395833334
0 0.4259440104166667 0.9191080729166666 0.49755859375000006 0.9191080729166666 0.49755859375000006 0.98583984375 0.4259440104166667 0.98583984375
0 0.38525390625 0.82958984375 0.4763997395833333 0.82958984375 0.4763997395833333 0.9012044270833334 0.38525390625 0.9012044270833334
0 0.3787434895833333 0.7303059895833334 0.45849609375000006 0.7303059895833334 0.45849609375000006 0.8116861979166666 0.3787434895833333 0.8116861979166666
0 0.3575846354166667 0.59521484375 0.4422200520833333 0.59521484375 0.4422200520833333 0.6847330729166666 0.3575846354166667 0.6847330729166666
0 0.36572265625 0.53173828125 0.4471028645833333 0.53173828125 0.4471028645833333 0.58544921875 0.36572265625 0.58544921875
0 0.32177734375 0.4471028645833333 0.3787434895833333 0.4471028645833333 0.3787434895833333 0.5138346354166666 0.32177734375 0.5138346354166666
0 0.5284830729166667 0.43408203125 0.6163736979166667 0.43408203125 0.6163736979166667 0.48779296875 0.5284830729166667 0.48779296875
0 0.5496419270833333 0.49755859375 0.6277669270833333 0.49755859375 0.6277669270833333 0.52685546875 0.5496419270833333 0.52685546875
0 0.5496419270833333 0.5968424479166666 0.64404296875 0.5968424479166666 0.64404296875 0.6554361979166666 0.5496419270833333 0.6554361979166666
0 0.5675455729166667 0.7156575520833334 0.6717122395833333 0.7156575520833334 0.6717122395833333 0.7986653645833334 0.5675455729166667 0.7986653645833334
0 0.56591796875 0.6505533854166666 0.63916015625 0.6505533854166666 0.63916015625 0.6912434895833334 0.56591796875 0.6912434895833334
1 0.5968424479166667 0.8279622395833334 0.7254231770833333 0.8279622395833334 0.7254231770833333 0.95654296875 0.5968424479166667 0.95654296875
0 0.6180013020833333 0.9451497395833334 0.7107747395833333 0.9451497395833334 0.7107747395833333 0.9923502604166666 0.6180013020833333 0.9923502604166666
0 0.8230794270833333 0.8507486979166666 0.8865559895833333 0.8507486979166666 0.8865559895833333 0.95166015625 0.8230794270833333 0.95166015625
1 0.89306640625 0.8312174479166666 0.998046875 0.8312174479166666 0.998046875 0.9487328980099501 0.89306640625 0.9487328980099501
0 0.77099609375 0.6424153645833334 0.87841796875 0.6424153645833334 0.87841796875 0.75146484375 0.77099609375 0.75146484375
0 0.89306640625 0.63916015625 0.97119140625 0.63916015625 0.97119140625 0.72705078125 0.89306640625 0.72705078125
0 0.7530924479166667 0.47477213541666663 0.82470703125 0.47477213541666663 0.82470703125 0.5594075520833334 0.7530924479166667 0.5594075520833334
0 0.85888671875 0.4568684895833333 0.9484049479166667 0.4568684895833333 0.9484049479166667 0.5528971354166666 0.85888671875 0.5528971354166666
0 0.7140299479166667 0.2859700520833333 0.7742513020833333 0.2859700520833333 0.7742513020833333 0.36246744791666663 0.7140299479166667 0.36246744791666663
3 0.77587890625 0.21598307291666666 0.9060872395833333 0.21598307291666666 0.9060872395833333 0.39664713541666663 0.77587890625 0.39664713541666663
1 0.8963216145833333 0.21761067708333334 0.998046875 0.21761067708333334 0.998046875 0.341941550925926 0.8963216145833333 0.341941550925926
1 0.6424153645833333 0.04996744791666665 0.77099609375 0.04996744791666665 0.77099609375 0.18343098958333334 0.6424153645833333 0.18343098958333334
0 0.77099609375 0.07112630208333331 0.8263346354166667 0.07112630208333331 0.8263346354166667 0.14436848958333334 0.77099609375 0.14436848958333334
0 0.8328450520833333 0.03206380208333332 0.90771484375 0.03206380208333332 0.90771484375 0.12972005208333334 0.8328450520833333 0.12972005208333334
0 0.9093424479166667 0.010904947916666647 0.9825846354166667 0.010904947916666647 0.9825846354166667 0.11832682291666664 0.9093424479166667 0.11832682291666664
