0 0.05322265625 0.09716796874999999 0.20621744791666669 0.09716796874999999 0.20621744791666669 0.23063151041666666 0.05322265625 0.23063151041666666
0 0.4454752604166667 0.09228515624999999 0.5138346354166667 0.09228515624999999 0.5138346354166667 0.14925130208333334 0.4454752604166667 0.14925130208333334
0 0.40478515625 0.47965494791666663 0.49755859375000006 0.47965494791666663 0.49755859375000006 0.5675455729166666 0.40478515625 0.5675455729166666
1 0.3543294270833333 0.5675455729166666 0.4698893229166667 0.5675455729166666 0.4698893229166667 0.67333984375 0.3543294270833333 0.67333984375
0 0.51220703125 0.57568359375 0.58056640625 0.57568359375 0.58056640625 0.6554361979166666 0.51220703125 0.6554361979166666
1 0.5089518229166667 0.6847330729166666 0.6033528645833333 0.6847330729166666 0.6033528645833333 0.81005859375 0.5089518229166667 0.81005859375
1 0.5740559895833333 0.6131184895833334 0.6652018229166667 0.6131184895833334 0.6652018229166667 0.71240234375 0.5740559895833333 0.71240234375
0 0.6505533854166667 0.6700846354166666 0.71240234375 0.6700846354166666 0.71240234375 0.7400716145833334 0.6505533854166667 0.7400716145833334
0 0.78564453125 0.73681640625 0.84912109375 0.73681640625 0.84912109375 0.81982421875 0.78564453125 0.81982421875
0 0.7058919270833333 0.7400716145833334 0.76123046875 0.7400716145833334 0.76123046875 0.8328450520833334 0.7058919270833333 0.8328450520833334
1 0.84912109375 0.76123046875 0.9386393229166667 0.76123046875 0.9386393229166667 0.91259765625 0.84912109375 0.91259765625
0 0.7547200520833333 0.88818359375 0.8458658854166667 0.88818359375 0.8458658854166667 0.9793294270833334 0.7547200520833333 0.9793294270833334
1 0.5968424479166667 0.83935546875 0.7107747395833333 0.83935546875 0.7107747395833333 0.9728190104166666 0.5968424479166667 0.9728190104166666
0 0.44873046875000006 0.8995768229166666 0.5349934895833333 0.8995768229166666 0.5349934895833333 0.97607421875 0.44873046875000006 0.97607421875
0 0.3868815104166667 0.8279622395833334 0.4991861979166667 0.8279622395833334 0.4991861979166667 0.9256184895833334 0.3868815104166667 0.9256184895833334
0 0.3299153645833333 0.7644856770833334 0.4178059895833333 0.7644856770833334 0.4178059895833333 0.8507486979166666 0.3299153645833333 0.8507486979166666
0 0.2941080729166667 0.6896158854166666 0.4064127604166667 0.6896158854166666 0.4064127604166667 0.78076171875 0.2941080729166667 0.78076171875
0 0.21761067708333331 0.6359049479166666 0.3087565104166667 0.6359049479166666 0.3087565104166667 0.7335611979166666 0.21761067708333331 0.7335611979166666
0 0.16389973958333331 0.57080078125 0.25341796875 0.57080078125 0.25341796875 0.6717122395833334 0.16389973958333331 0.6717122395833334
0 0.019042968749999986 0.7579752604166666 0.13785807291666666 0.7579752604166666 0.13785807291666666 0.86376953125 0.019042968749999986 0.86376953125
0 0.09228515625 0.81494140625 0.19970703125 0.81494140625 0.19970703125 0.9109700520833334 0.09228515625 0.9109700520833334
0 0.14599609375 0.86376953125 0.24853515625 0.86376953125 0.24853515625 0.9646809895833334 0.14599609375 0.9646809895833334
0 0.18505859375 0.93701171875 0.2990979646381578 0.93701171875 0.2990979646381578 0.998046875 0.18505859375 0.998046875
0 0.004394531249999986 0.9012044270833334 0.10042317708333331 0.9012044270833334 0.10042317708333331 0.9923502604166666 0.004394531249999986 0.9923502604166666
0 0.5105794270833333 0.30224609375 0.62939453125 0.30224609375 0.62939453125 0.40641276041666663 0.5105794270833333 0.40641276041666663
0 0.6505533854166667 0.13948567708333334 0.7644856770833333 0.13948567708333334 0.7644856770833333 0.2566731770833333 0.6505533854166667 0.2566731770833333
0 0.7042643229166667 0.20458984375 0.8165690104166667 0.20458984375 0.8165690104166667 0.3201497395833333 0.7042643229166667 0.3201497395833333
0 0.7726236979166667 0.24853515625000003 0.9158528645833333 0.24853515625000003 0.9158528645833333 0.3689778645833333 0.7726236979166667 0.3689778645833333
0 0.85400390625 0.28922526041666663 0.9581705729166667 0.28922526041666663 0.9581705729166667 0.41617838541666663 0.85400390625 0.41617838541666663
0 0.9239908854166667 0.35107421875 0.998046875 0.35107421875 0.998046875 0.45907253689236094 0.9239908854166667 0.45907253689236094
0 0.94189453125 0.5821940104166666 0.9939778645833333 0.5821940104166666 0.9939778645833333 0.69775390625 0.94189453125 0.69775390625
0 0.8865559895833333 0.50244140625 0.96630859375 0.50244140625 0.96630859375 0.60009765625 0.8865559895833333 0.60009765625
0 0.80029296875 0.5203450520833334 0.89306640625 0.5203450520833334 0.89306640625 0.59521484375 0.80029296875 0.59521484375
0 0.7254231770833333 0.46337890625 0.81005859375 0.46337890625 0.81005859375 0.5642903645833334 0.7254231770833333 0.5642903645833334
0 0.66845703125 0.40478515625 0.7547200520833333 0.40478515625 0.7547200520833333 0.5040690104166666 0.66845703125 0.5040690104166666
0 0.5919596354166667 0.37548828125 0.6814778645833333 0.37548828125 0.6814778645833333 0.46500651041666663 0.5919596354166667 0.46500651041666663
0 0.77099609375 0.002766927083333315 0.85400390625 0.002766927083333315 0.85400390625 0.06949869791666664 0.77099609375 0.06949869791666664
0 0.82470703125 0.033691406249999986 0.9207356770833333 0.033691406249999986 0.9207356770833333 0.12972005208333334 0.82470703125 0.12972005208333334
0 0.9012044270833333 0.04508463541666665 0.9923502604166667 0.04508463541666665 0.9923502604166667 0.18180338541666666 0.9012044270833333 0.18180338541666666
