0 0.3624674479166667 0.007649739583333316 0.4894205729166667 0.007649739583333316 0.4894205729166667 0.10367838541666664 0.3624674479166667 0.10367838541666664
0 0.56591796875 0.002766927083333315 0.71240234375 0.002766927083333315 0.71240234375 0.09716796874999999 0.56591796875 0.09716796874999999
0 0.66845703125 0.04020182291666665 0.78076171875 0.04020182291666665 0.78076171875 0.16064453125 0.66845703125 0.16064453125
0 0.76123046875 0.10042317708333331 0.85888671875 0.10042317708333331 0.85888671875 0.19645182291666666 0.76123046875 0.19645182291666666
0 0.8377278645833333 0.15087890625 0.9288736979166667 0.15087890625 0.9288736979166667 0.27783203125 0.8377278645833333 0.27783203125
0 0.9142252604166667 0.19319661458333334 0.998046875 0.19319661458333334 0.998046875 0.31181210691823896 0.9142252604166667 0.31181210691823896
0 0.9012044270833333 0.36246744791666663 0.98095703125 0.36246744791666663 0.98095703125 0.46826171875 0.9012044270833333 0.46826171875
0 0.80029296875 0.31852213541666663 0.8995768229166667 0.31852213541666663 0.8995768229166667 0.42106119791666663 0.80029296875 0.42106119791666663
0 0.7335611979166667 0.27945963541666663 0.8133138020833333 0.27945963541666663 0.8133138020833333 0.3787434895833333 0.7335611979166667 0.3787434895833333
0 0.6570638020833333 0.22574869791666666 0.7433268229166667 0.22574869791666666 0.7433268229166667 0.34293619791666663 0.6570638020833333 0.34293619791666663
0 0.5642903645833333 0.18180338541666666 0.6814778645833333 0.18180338541666666 0.6814778645833333 0.28922526041666663 0.5642903645833333 0.28922526041666663
0 0.4910481770833333 0.13623046875 0.5984700520833333 0.13623046875 0.5984700520833333 0.22574869791666666 0.4910481770833333 0.22574869791666666
0 0.43408203125000006 0.06461588541666664 0.52685546875 0.06461588541666664 0.52685546875 0.15576171875 0.43408203125000006 0.15576171875
0 0.07438151041666666 0.014160156249999983 0.16389973958333331 0.014160156249999983 0.16389973958333331 0.08740234374999999 0.07438151041666666 0.08740234374999999
0 0.10042317708333331 0.06298828124999999 0.25341796875 0.06298828124999999 0.25341796875 0.17854817708333334 0.10042317708333331 0.17854817708333334
0 0.16389973958333331 0.14762369791666666 0.3201497395833333 0.14762369791666666 0.3201497395833333 0.26481119791666663 0.16389973958333331 0.26481119791666663
0 0.2745768229166667 0.22574869791666666 0.3787434895833333 0.22574869791666666 0.3787434895833333 0.32340494791666663 0.2745768229166667 0.32340494791666663
1 0.3234049479166667 0.28922526041666663 0.44873046875000006 0.28922526041666663 0.44873046875000006 0.41943359375 0.3234049479166667 0.41943359375
0 0.4031575520833333 0.33805338541666663 0.5056966145833333 0.33805338541666663 0.5056966145833333 0.4666341145833333 0.4031575520833333 0.4666341145833333
1 0.4666341145833333 0.40966796875 0.6114908854166667 0.40966796875 0.6114908854166667 0.55615234375 0.4666341145833333 0.55615234375
0 0.5740559895833333 0.45849609375 0.6700846354166667 0.45849609375 0.6700846354166667 0.5724283854166666 0.5740559895833333 0.5724283854166666
0 0.65380859375 0.51708984375 0.74169921875 0.51708984375 0.74169921875 0.6277669270833334 0.65380859375 0.6277669270833334
0 0.72216796875 0.55615234375 0.8377278645833333 0.55615234375 0.8377278645833333 0.6847330729166666 0.72216796875 0.6847330729166666
0 0.8230794270833333 0.59521484375 0.9256184895833333 0.59521484375 0.9256184895833333 0.69775390625 0.8230794270833333 0.69775390625
0 0.91748046875 0.6277669270833334 0.998046875 0.6277669270833334 0.998046875 0.7393204126602564 0.91748046875 0.7393204126602564
1 0.8898111979166667 0.74658203125 0.998046875 0.74658203125 0.998046875 0.9175630283816424 0.8898111979166667 0.9175630283816424
1 0.7888997395833333 0.7254231770833334 0.9060872395833333 0.7254231770833334 0.9060872395833333 0.9239908854166666 0.7888997395833333 0.9239908854166666
0 0.71728515625 0.7335611979166666 0.8279622395833333 0.7335611979166666 0.8279622395833333 0.8426106770833334 0.71728515625 0.8426106770833334
0 0.62451171875 0.68798828125 0.7205403645833333 0.68798828125 0.7205403645833333 0.7986653645833334 0.62451171875 0.7986653645833334
0 0.5284830729166667 0.65380859375 0.6407877604166667 0.65380859375 0.6407877604166667 0.7742513020833334 0.5284830729166667 0.7742513020833334
0 0.46826171875000006 0.60498046875 0.56591796875 0.60498046875 0.56591796875 0.7107747395833334 0.46826171875000006 0.7107747395833334
0 0.3819986979166667 0.5545247395833334 0.49755859375000006 0.5545247395833334 0.49755859375000006 0.6619466145833334 0.3819986979166667 0.6619466145833334
0 0.3006184895833333 0.5056966145833334 0.4178059895833333 0.5056966145833334 0.4178059895833333 0.6066080729166666 0.3006184895833333 0.6066080729166666
0 0.23551432291666669 0.43408203125 0.3445638020833333 0.43408203125 0.3445638020833333 0.53173828125 0.23551432291666669 0.53173828125
0 0.15413411458333331 0.36572265625 0.27783203125 0.36572265625 0.27783203125 0.4812825520833333 0.15413411458333331 0.4812825520833333
0 0.08414713541666666 0.30875651041666663 0.21923828125 0.30875651041666663 0.21923828125 0.41455078125 0.08414713541666666 0.41455078125
2 0.007649739583333315 0.23225911458333334 0.17203776041666669 0.23225911458333334 0.17203776041666669 0.3787434895833333 0.007649739583333315 0.3787434895833333
0 0.004394531249999986 0.16878255208333334 0.08902994791666666 0.16878255208333334 0.08902994791666666 0.26806640625 0.004394531249999986 0.26806640625
0 0.0 0.08022652420343138 0.05485026041666666 0.08022652420343138 0.05485026041666666 0.18831380208333334 0.0 0.18831380208333334
2 0.004394531249999986 0.4080403645833333 0.07112630208333331 0.4080403645833333 0.07112630208333331 0.5642903645833334 0.004394531249999986 0.5642903645833334
2 0.017415364583333315 0.5154622395833334 0.17692057291666669 0.5154622395833334 0.17692057291666669 0.6961263020833334 0.017415364583333315 0.6961263020833334
0 0.14925130208333331 0.6652018229166666 0.2648111979166667 0.6652018229166666 0.2648111979166667 0.7823893229166666 0.14925130208333331 0.7823893229166666
0 0.24365234375 0.7107747395833334 0.3445638020833333 0.7107747395833334 0.3445638020833333 0.83447265625 0.24365234375 0.83447265625
0 0.32666015625 0.7677408854166666 0.4373372395833333 0.7677408854166666 0.4373372395833333 0.8653971354166666 0.32666015625 0.8653971354166666
0 0.3885091145833333 0.81982421875 0.49267578125000006 0.81982421875 0.49267578125000006 0.9679361979166666 0.3885091145833333 0.9679361979166666
0 0.4601236979166667 0.86376953125 0.5724283854166667 0.86376953125 0.5724283854166667 0.9939778645833334 0.4601236979166667 0.9939778645833334
0 0.5577799479166667 0.9109700520833334 0.6668294270833333 0.9109700520833334 0.6668294270833333 0.99560546875 0.5577799479166667 0.99560546875
0 0.64404296875 0.93212890625 0.7498372395833333 0.93212890625 0.7498372395833333 0.9939778645833334 0.64404296875 0.9939778645833334
0 0.032063802083333315 0.79052734375 0.15738932291666666 0.79052734375 0.15738932291666666 0.8995768229166666 0.032063802083333315 0.8995768229166666
0 0.10042317708333331 0.8377278645833334 0.22249348958333331 0.8377278645833334 0.22249348958333331 0.9500325520833334 0.10042317708333331 0.9500325520833334
0 0.17854817708333331 0.8849283854166666 0.29248046875 0.8849283854166666 0.29248046875 0.99072265625 0.17854817708333331 0.99072265625
0 0.2615559895833333 0.92236328125 0.3868815104166667 0.92236328125 0.3868815104166667 0.99560546875 0.2615559895833333 0.99560546875
