0 0.0011393229166666574 0.05159505208333332 0.06461588541666666 0.05159505208333332 0.06461588541666666 0.13623046875 0.0011393229166666574 0.13623046875
2 0.06624348958333331 0.033691406249999986 0.2859700520833333 0.033691406249999986 0.2859700520833333 0.15576171875 0.06624348958333331 0.15576171875
0 0.14599609375 0.15738932291666666 0.2713216145833333 0.15738932291666666 0.2713216145833333 0.22574869791666666 0.14599609375 0.22574869791666666
1 0.11344401041666666 0.22900390625 0.26318359375 0.22900390625 0.26318359375 0.30875651041666663 0.11344401041666666 0.30875651041666663
0 0.12320963541666666 0.31689453125 0.23551432291666669 0.31689453125 0.23551432291666669 0.3787434895833333 0.12320963541666666 0.3787434895833333
0 0.0011393229166666574 0.4031575520833333 0.06298828125 0.4031575520833333 0.06298828125 0.47802734375 0.0011393229166666574 0.47802734375
0 0.004394531249999986 0.48779296875 0.05485026041666666 0.48779296875 0.05485026041666666 0.56591796875 0.004394531249999986 0.56591796875
0 0.004394531249999986 0.5724283854166666 0.033691406249999986 0.5724283854166666 0.033691406249999986 0.6472981770833334 0.004394531249999986 0.6472981770833334
0 0.002766927083333315 0.65869140625 0.032063802083333315 0.65869140625 0.032063802083333315 0.7010091145833334 0.002766927083333315 0.7010091145833334
0 0.09228515625 0.4812825520833333 0.23714192708333331 0.4812825520833333 0.23714192708333331 0.5528971354166666 0.09228515625 0.5528971354166666
0 0.14599609375 0.41617838541666663 0.23388671875 0.41617838541666663 0.23388671875 0.4519856770833333 0.14599609375 0.4519856770833333
0 0.14436848958333331 0.5773111979166666 0.23551432291666669 0.5773111979166666 0.23551432291666669 0.6310221354166666 0.14436848958333331 0.6310221354166666
0 0.08414713541666666 0.5821940104166666 0.13785807291666666 0.5821940104166666 0.13785807291666666 0.6310221354166666 0.08414713541666666 0.6310221354166666
0 0.11669921875 0.63916015625 0.23225911458333331 0.63916015625 0.23225911458333331 0.7205403645833334 0.11669921875 0.7205403645833334
0 0.038574218749999986 0.69775390625 0.08902994791666666 0.69775390625 0.08902994791666666 0.7237955729166666 0.038574218749999986 0.7237955729166666
0 0.12483723958333331 0.7335611979166666 0.20458984375 0.7335611979166666 0.20458984375 0.7872721354166666 0.12483723958333331 0.7872721354166666
0 0.08251953125 0.7726236979166666 0.13297526041666666 0.7726236979166666 0.13297526041666666 0.81005859375 0.08251953125 0.81005859375
1 0.004394531249999986 0.7921549479166666 0.06298828125 0.7921549479166666 0.06298828125 0.9093424479166666 0.004394531249999986 0.9093424479166666
1 0.10367838541666666 0.80517578125 0.23876953125 0.80517578125 0.23876953125 0.9012044270833334 0.10367838541666666 0.9012044270833334
1 0.09228515625 0.8898111979166666 0.23714192708333331 0.8898111979166666 0.23714192708333331 0.97607421875 0.09228515625 0.97607421875
2 0.3136393229166667 0.048339843749999986 0.4910481770833333 0.048339843749999986 0.4910481770833333 0.14599609375 0.3136393229166667 0.14599609375
2 0.3152669270833333 0.14762369791666666 0.4943033854166667 0.14762369791666666 0.4943033854166667 0.22900390625 0.3152669270833333 0.22900390625
2 0.3136393229166667 0.23388671875 0.4650065104166667 0.23388671875 0.4650065104166667 0.32340494791666663 0.3136393229166667 0.32340494791666663
0 0.36083984375 0.3201497395833333 0.4503580729166667 0.3201497395833333 0.4503580729166667 0.3933919270833333 0.36083984375 0.3933919270833333
0 0.3689778645833333 0.41617838541666663 0.45849609375000006 0.41617838541666663 0.45849609375000006 0.4715169270833333 0.3689778645833333 0.4715169270833333
0 0.34619140625 0.49918619791666663 0.4373372395833333 0.49918619791666663 0.4373372395833333 0.55126953125 0.34619140625 0.55126953125
0 0.3624674479166667 0.5691731770833334 0.4422200520833333 0.5691731770833334 0.4422200520833333 0.6326497395833334 0.3624674479166667 0.6326497395833334
0 0.33642578125 0.6521809895833334 0.4357096354166667 0.6521809895833334 0.4357096354166667 0.7303059895833334 0.33642578125 0.7303059895833334
1 0.3234049479166667 0.72705078125 0.4698893229166667 0.72705078125 0.4698893229166667 0.83447265625 0.3234049479166667 0.83447265625
0 0.3282877604166667 0.8214518229166666 0.4259440104166667 0.8214518229166666 0.4259440104166667 0.90771484375 0.3282877604166667 0.90771484375
0 0.33154296875 0.9158528645833334 0.42431640625000006 0.9158528645833334 0.42431640625000006 0.99072265625 0.33154296875 0.99072265625
2 0.4894205729166667 0.03694661458333332 0.6749674479166667 0.03694661458333332 0.6749674479166667 0.15901692708333334 0.4894205729166667 0.15901692708333334
0 0.5349934895833333 0.16878255208333334 0.62451171875 0.16878255208333334 0.62451171875 0.22249348958333334 0.5349934895833333 0.22249348958333334
0 0.5301106770833333 0.24690755208333334 0.6424153645833333 0.24690755208333334 0.6424153645833333 0.32666015625 0.5301106770833333 0.32666015625
0 0.45849609375000006 0.32666015625 0.5252278645833333 0.32666015625 0.5252278645833333 0.4031575520833333 0.45849609375000006 0.4031575520833333
0 0.53662109375 0.33805338541666663 0.6310221354166667 0.33805338541666663 0.6310221354166667 0.4129231770833333 0.53662109375 0.4129231770833333
0 0.4991861979166667 0.4129231770833333 0.6310221354166667 0.4129231770833333 0.6310221354166667 0.48942057291666663 0.4991861979166667 0.48942057291666663
0 0.53662109375 0.49755859375 0.6228841145833333 0.49755859375 0.6228841145833333 0.5594075520833334 0.53662109375 0.5594075520833334
0 0.50732421875 0.57568359375 0.6261393229166667 0.57568359375 0.6261393229166667 0.6603190104166666 0.50732421875 0.6603190104166666
0 0.5252278645833333 0.65869140625 0.6180013020833333 0.65869140625 0.6180013020833333 0.72705078125 0.5252278645833333 0.72705078125
1 0.46337890625000006 0.7303059895833334 0.65380859375 0.7303059895833334 0.65380859375 0.8361002604166666 0.46337890625000006 0.8361002604166666
1 0.4845377604166667 0.8312174479166666 0.6456705729166667 0.8312174479166666 0.6456705729166667 0.92724609375 0.4845377604166667 0.92724609375
0 0.51708984375 0.9142252604166666 0.6082356770833333 0.9142252604166666 0.6082356770833333 0.9777018229166666 0.51708984375 0.9777018229166666
0 0.7596028645833333 0.08251953124999999 0.8572591145833333 0.08251953124999999 0.8572591145833333 0.16064453125 0.7596028645833333 0.16064453125
0 0.7693684895833333 0.18343098958333334 0.8767903645833333 0.18343098958333334 0.8767903645833333 0.24853515625000003 0.7693684895833333 0.24853515625000003
0 0.7530924479166667 0.25341796875 0.8946940104166667 0.25341796875 0.8946940104166667 0.33154296875 0.7530924479166667 0.33154296875
0 0.7449544270833333 0.33642578125 0.8767903645833333 0.33642578125 0.8767903645833333 0.4178059895833333 0.7449544270833333 0.4178059895833333
0 0.7482096354166667 0.41943359375 0.85888671875 0.41943359375 0.85888671875 0.4959309895833333 0.7482096354166667 0.4959309895833333
0 0.7498372395833333 0.49430338541666663 0.84423828125 0.49430338541666663 0.84423828125 0.57568359375 0.7498372395833333 0.57568359375
0 0.7335611979166667 0.5821940104166666 0.8507486979166667 0.5821940104166666 0.8507486979166667 0.6668294270833334 0.7335611979166667 0.6668294270833334
1 0.69775390625 0.6619466145833334 0.88330078125 0.6619466145833334 0.88330078125 0.7547200520833334 0.69775390625 0.7547200520833334
0 0.73193359375 0.75146484375 0.8312174479166667 0.75146484375 0.8312174479166667 0.82470703125 0.73193359375 0.82470703125
0 0.72705078125 0.8328450520833334 0.8263346354166667 0.8328450520833334 0.8263346354166667 0.9158528645833334 0.72705078125 0.9158528645833334
0 0.8621419270833333 0.7840169270833334 0.94189453125 0.7840169270833334 0.94189453125 0.8995768229166666 0.8621419270833333 0.8995768229166666
0 0.9532877604166667 0.78076171875 0.998046875 0.78076171875 0.998046875 0.9094441731770834 0.9532877604166667 0.9094441731770834
2 0.8963216145833333 0.32666015625 0.998046875 0.32666015625 0.998046875 0.5803294765295359 0.8963216145833333 0.5803294765295359
