0 0.22412109375 0.006022135416666648 0.33642578125 0.006022135416666648 0.33642578125 0.05973307291666665 0.22412109375 0.05973307291666665
0 0.17854817708333331 0.06624348958333331 0.3103841145833333 0.06624348958333331 0.3103841145833333 0.17041015625 0.17854817708333331 0.17041015625
0 0.14599609375 0.16552734375 0.2794596354166667 0.16552734375 0.2794596354166667 0.30387369791666663 0.14599609375 0.30387369791666663
1 0.06461588541666666 0.39501953125 0.24853515625 0.39501953125 0.24853515625 0.52685546875 0.06461588541666666 0.52685546875
0 0.06461588541666666 0.5236002604166666 0.13948567708333331 0.5236002604166666 0.13948567708333331 0.6228841145833334 0.06461588541666666 0.6228841145833334
0 0.027180989583333315 0.60986328125 0.12972005208333331 0.60986328125 0.12972005208333331 0.6993815104166666 0.027180989583333315 0.6993815104166666
0 0.014160156249999986 0.70263671875 0.11018880208333331 0.70263671875 0.11018880208333331 0.7986653645833334 0.014160156249999986 0.7986653645833334
0 0.007649739583333315 0.7872721354166666 0.08251953125 0.7872721354166666 0.08251953125 0.8800455729166666 0.007649739583333315 0.8800455729166666
0 0.5008138020833333 0.007649739583333316 0.5919596354166667 0.007649739583333316 0.5919596354166667 0.06298828124999999 0.5008138020833333 0.06298828124999999
0 0.4503580729166667 0.06787109374999999 0.5577799479166667 0.06787109374999999 0.5577799479166667 0.16389973958333334 0.4503580729166667 0.16389973958333334
0 0.4357096354166667 0.17041015625 0.5284830729166667 0.17041015625 0.5284830729166667 0.2615559895833333 0.4357096354166667 0.2615559895833333
0 0.3331705729166667 0.24365234375 0.51220703125 0.24365234375 0.51220703125 0.37223307291666663 0.3331705729166667 0.37223307291666663
0 0.3624674479166667 0.36246744791666663 0.48779296875000006 0.36246744791666663 0.48779296875000006 0.46337890625 0.3624674479166667 0.46337890625
0 0.3087565104166667 0.5252278645833334 0.4259440104166667 0.5252278645833334 0.4259440104166667 0.6521809895833334 0.3087565104166667 0.6521809895833334
0 0.21598307291666669 0.6163736979166666 0.3836263020833333 0.6163736979166666 0.3836263020833333 0.7303059895833334 0.21598307291666669 0.7303059895833334
0 0.23225911458333331 0.7189127604166666 0.37060546875 0.7189127604166666 0.37060546875 0.8377278645833334 0.23225911458333331 0.8377278645833334
1 0.18831380208333331 0.8165690104166666 0.3380533854166667 0.8165690104166666 0.3380533854166667 0.9305013020833334 0.18831380208333331 0.9305013020833334
0 0.19156901041666669 0.91259765625 0.30224609375 0.91259765625 0.30224609375 0.9923502604166666 0.19156901041666669 0.9923502604166666
1 0.7237955729166667 0.014160156249999983 0.88330078125 0.014160156249999983 0.88330078125 0.15087890625 0.7237955729166667 0.15087890625
0 0.68798828125 0.14436848958333334 0.7970377604166667 0.14436848958333334 0.7970377604166667 0.24202473958333334 0.68798828125 0.24202473958333334
0 0.6717122395833333 0.23876953125 0.7742513020833333 0.23876953125 0.7742513020833333 0.35107421875 0.6717122395833333 0.35107421875
0 0.6261393229166667 0.35270182291666663 0.73193359375 0.35270182291666663 0.73193359375 0.43896484375 0.6261393229166667 0.43896484375
0 0.6066080729166667 0.4178059895833333 0.6603190104166667 0.4178059895833333 0.6603190104166667 0.5431315104166666 0.6066080729166667 0.5431315104166666
0 0.5252278645833333 0.60498046875 0.6456705729166667 0.60498046875 0.6456705729166667 0.72705078125 0.5252278645833333 0.72705078125
0 0.5236002604166667 0.7140299479166666 0.6114908854166667 0.7140299479166666 0.6114908854166667 0.82470703125 0.5236002604166667 0.82470703125
0 0.4861653645833333 0.8068033854166666 0.5919596354166667 0.8068033854166666 0.5919596354166667 0.9093424479166666 0.4861653645833333 0.9093424479166666
1 0.39990234375 0.9191080729166666 0.56103515625 0.9191080729166666 0.56103515625 0.9972330729166666 0.39990234375 0.9972330729166666
1 0.90771484375 0.007649739583333316 0.998046875 0.007649739583333316 0.998046875 0.07991536458333331 0.90771484375 0.07991536458333331
0 0.9012044270833333 0.08089192708333331 0.99560546875 0.08089192708333331 0.99560546875 0.19482421875 0.9012044270833333 0.19482421875
0 0.8702799479166667 0.19156901041666666 0.98095703125 0.19156901041666666 0.98095703125 0.28922526041666663 0.8702799479166667 0.28922526041666663
0 0.8165690104166667 0.28759765625 0.95166015625 0.28759765625 0.95166015625 0.40478515625 0.8165690104166667 0.40478515625
0 0.8133138020833333 0.40478515625 0.9109700520833333 0.40478515625 0.9109700520833333 0.47314453125 0.8133138020833333 0.47314453125
0 0.7775065104166667 0.47965494791666663 0.88330078125 0.47965494791666663 0.88330078125 0.60009765625 0.7775065104166667 0.60009765625
0 0.7303059895833333 0.6814778645833334 0.82470703125 0.6814778645833334 0.82470703125 0.7530924479166666 0.7303059895833333 0.7530924479166666
0 0.66357421875 0.7579752604166666 0.8035481770833333 0.7579752604166666 0.8035481770833333 0.8670247395833334 0.66357421875 0.8670247395833334
0 0.6424153645833333 0.8523763020833334 0.7530924479166667 0.8523763020833334 0.7530924479166667 0.96142578125 0.6424153645833333 0.96142578125
0 0.9549153645833333 0.7286783854166666 0.9923502604166667 0.7286783854166666 0.9923502604166667 0.8426106770833334 0.9549153645833333 0.8426106770833334
0 0.9337565104166667 0.8377278645833334 0.9972330729166667 0.8377278645833334 0.9972330729166667 0.95166015625 0.9337565104166667 0.95166015625
