2 0.4178059895833333 0.009277343749999983 0.6424153645833333 0.009277343749999983 0.6424153645833333 0.26318359375 0.4178059895833333 0.26318359375
0 0.7384440104166667 0.13948567708333334 0.8719075520833333 0.13948567708333334 0.8719075520833333 0.25016276041666663 0.7384440104166667 0.25016276041666663
0 0.8377278645833333 0.17854817708333334 0.9484049479166667 0.17854817708333334 0.9484049479166667 0.3006184895833333 0.8377278645833333 0.3006184895833333
0 0.8653971354166667 0.24202473958333334 0.9842122395833333 0.24202473958333334 0.9842122395833333 0.3836263020833333 0.8653971354166667 0.3836263020833333
0 0.6228841145833333 0.20458984375 0.7107747395833333 0.20458984375 0.7107747395833333 0.29410807291666663 0.6228841145833333 0.29410807291666663
0 0.6814778645833333 0.24039713541666666 0.79052734375 0.24039713541666666 0.79052734375 0.35758463541666663 0.6814778645833333 0.35758463541666663
0 0.7303059895833333 0.33805338541666663 0.8279622395833333 0.33805338541666663 0.8279622395833333 0.42919921875 0.7303059895833333 0.42919921875
0 0.7888997395833333 0.4178059895833333 0.8800455729166667 0.4178059895833333 0.8800455729166667 0.50732421875 0.7888997395833333 0.50732421875
0 0.8458658854166667 0.45849609375 0.9435221354166667 0.45849609375 0.9435221354166667 0.5773111979166666 0.8458658854166667 0.5773111979166666
0 0.9109700520833333 0.54150390625 0.9874674479166667 0.54150390625 0.9874674479166667 0.62939453125 0.9109700520833333 0.62939453125
1 0.89306640625 0.39013671875 0.9874674479166667 0.39013671875 0.9874674479166667 0.49918619791666663 0.89306640625 0.49918619791666663
0 0.95166015625 0.5935872395833334 0.9972330729166667 0.5935872395833334 0.9972330729166667 0.71240234375 0.95166015625 0.71240234375
0 0.45361328125000006 0.38688151041666663 0.5284830729166667 0.38688151041666663 0.5284830729166667 0.49267578125 0.45361328125000006 0.49267578125
0 0.49755859375000006 0.44059244791666663 0.59521484375 0.44059244791666663 0.59521484375 0.52685546875 0.49755859375000006 0.52685546875
0 0.5349934895833333 0.49267578125 0.6310221354166667 0.49267578125 0.6310221354166667 0.5870768229166666 0.5349934895833333 0.5870768229166666
0 0.59033203125 0.5382486979166666 0.6765950520833333 0.5382486979166666 0.6765950520833333 0.6180013020833334 0.59033203125 0.6180013020833334
0 0.6212565104166667 0.5887044270833334 0.7189127604166667 0.5887044270833334 0.7189127604166667 0.6798502604166666 0.6212565104166667 0.6798502604166666
0 0.67333984375 0.62939453125 0.76611328125 0.62939453125 0.76611328125 0.7189127604166666 0.67333984375 0.7189127604166666
0 0.7107747395833333 0.68310546875 0.8068033854166667 0.68310546875 0.8068033854166667 0.7791341145833334 0.7107747395833333 0.7791341145833334
0 0.7628580729166667 0.7303059895833334 0.8426106770833333 0.7303059895833334 0.8426106770833333 0.8181966145833334 0.7628580729166667 0.8181966145833334
0 0.8019205729166667 0.78076171875 0.8702799479166667 0.78076171875 0.8702799479166667 0.8556315104166666 0.8019205729166667 0.8556315104166666
0 0.8263346354166667 0.81494140625 0.93212890625 0.81494140625 0.93212890625 0.9256184895833334 0.8263346354166667 0.9256184895833334
0 0.7596028645833333 0.88330078125 0.85400390625 0.88330078125 0.85400390625 0.98095703125 0.7596028645833333 0.98095703125
0 0.7189127604166667 0.9353841145833334 0.8068033854166667 0.9353841145833334 0.8068033854166667 0.99560546875 0.7189127604166667 0.99560546875
0 0.6944986979166667 0.83447265625 0.7726236979166667 0.83447265625 0.7726236979166667 0.9239908854166666 0.6944986979166667 0.9239908854166666
0 0.6456705729166667 0.78564453125 0.73681640625 0.78564453125 0.73681640625 0.8816731770833334 0.6456705729166667 0.8816731770833334
0 0.59521484375 0.7384440104166666 0.69287109375 0.7384440104166666 0.69287109375 0.8214518229166666 0.59521484375 0.8214518229166666
0 0.5773111979166667 0.6944986979166666 0.65869140625 0.6944986979166666 0.65869140625 0.78076171875 0.5773111979166667 0.78076171875
0 0.5154622395833333 0.6407877604166666 0.60498046875 0.6407877604166666 0.60498046875 0.72705078125 0.5154622395833333 0.72705078125
0 0.47802734375000006 0.5935872395833334 0.5528971354166667 0.5935872395833334 0.5528971354166667 0.6847330729166666 0.47802734375000006 0.6847330729166666
0 0.4422200520833333 0.5301106770833334 0.52197265625 0.5301106770833334 0.52197265625 0.6277669270833334 0.4422200520833333 0.6277669270833334
0 0.39990234375 0.46337890625 0.48291015625000006 0.46337890625 0.48291015625000006 0.5691731770833334 0.39990234375 0.5691731770833334
0 0.33642578125 0.51708984375 0.43896484375000006 0.51708984375 0.43896484375000006 0.6180013020833334 0.33642578125 0.6180013020833334
0 0.2892252604166667 0.55126953125 0.3885091145833333 0.55126953125 0.3885091145833333 0.6668294270833334 0.2892252604166667 0.6668294270833334
2 0.20621744791666669 0.5838216145833334 0.3624674479166667 0.5838216145833334 0.3624674479166667 0.7530924479166666 0.20621744791666669 0.7530924479166666
2 0.31689453125 0.6798502604166666 0.4943033854166667 0.6798502604166666 0.4943033854166667 0.8507486979166666 0.31689453125 0.8507486979166666
0 0.4845377604166667 0.85888671875 0.56591796875 0.85888671875 0.56591796875 0.9256184895833334 0.4845377604166667 0.9256184895833334
0 0.5284830729166667 0.9060872395833334 0.61474609375 0.9060872395833334 0.61474609375 0.9597981770833334 0.5284830729166667 0.9597981770833334
0 0.56591796875 0.9451497395833334 0.6670448452818623 0.9451497395833334 0.6670448452818623 0.998046875 0.56591796875 0.998046875
0 0.14111328125 0.7644856770833334 0.19970703125 0.7644856770833334 0.19970703125 0.8507486979166666 0.14111328125 0.8507486979166666
1 0.04508463541666666 0.8165690104166666 0.18180338541666669 0.8165690104166666 0.18180338541666669 0.94189453125 0.04508463541666666 0.94189453125
0 0.0011393229166666574 0.8719075520833334 0.08414713541666666 0.8719075520833334 0.08414713541666666 0.99560546875 0.0011393229166666574 0.99560546875
0 0.21598307291666669 0.85400390625 0.3282877604166667 0.85400390625 0.3282877604166667 0.9695638020833334 0.21598307291666669 0.9695638020833334
0 0.09554036458333331 0.9191080729166666 0.2550289647108842 0.9191080729166666 0.2550289647108842 0.998046875 0.09554036458333331 0.998046875
2 0.007649739583333315 0.15576171875 0.25830078125 0.15576171875 0.25830078125 0.39501953125 0.007649739583333315 0.39501953125
2 0.20458984375 0.26481119791666663 0.4031575520833333 0.26481119791666663 0.4031575520833333 0.4617513020833333 0.20458984375 0.4617513020833333
0 0.07600911458333331 0.45524088541666663 0.17529296875 0.45524088541666663 0.17529296875 0.57080078125 0.07600911458333331 0.57080078125
0 0.023925781249999986 0.52197265625 0.13134765625 0.52197265625 0.13134765625 0.6114908854166666 0.023925781249999986 0.6114908854166666
