0 0.006022135416666657 0.05647786458333332 0.07926432291666666 0.05647786458333332 0.07926432291666666 0.16227213541666666 0.006022135416666657 0.16227213541666666
0 0.09228515625 0.06624348958333331 0.16389973958333331 0.06624348958333331 0.16389973958333331 0.16715494791666666 0.09228515625 0.16715494791666666
0 0.16227213541666666 0.09228515624999999 0.23551432291666669 0.09228515624999999 0.23551432291666669 0.18668619791666666 0.16227213541666666 0.18668619791666666
0 0.26806640625 0.11669921874999999 0.3396809895833333 0.11669921874999999 0.3396809895833333 0.21272786458333334 0.26806640625 0.21272786458333334
0 0.3380533854166667 0.13948567708333334 0.44384765625000006 0.13948567708333334 0.44384765625000006 0.22249348958333334 0.3380533854166667 0.22249348958333334
2 0.4259440104166667 0.11832682291666664 0.5333658854166667 0.11832682291666664 0.5333658854166667 0.2615559895833333 0.4259440104166667 0.2615559895833333
2 0.51220703125 0.18017578125 0.6863606770833333 0.18017578125 0.6863606770833333 0.35595703125 0.51220703125 0.35595703125
2 0.3722330729166667 0.36735026041666663 0.5724283854166667 0.36735026041666663 0.5724283854166667 0.54638671875 0.3722330729166667 0.54638671875
0 0.3055013020833333 0.33317057291666663 0.40966796875 0.33317057291666663 0.40966796875 0.4568684895833333 0.3055013020833333 0.4568684895833333
0 0.20784505208333331 0.2957356770833333 0.3038736979166667 0.2957356770833333 0.3038736979166667 0.40641276041666663 0.20784505208333331 0.40641276041666663
0 0.12646484375 0.28434244791666663 0.20458984375 0.28434244791666663 0.20458984375 0.37548828125 0.12646484375 0.37548828125
0 0.03531901041666666 0.2566731770833333 0.13134765625 0.2566731770833333 0.13134765625 0.33317057291666663 0.03531901041666666 0.33317057291666663
0 0.014160156249999986 0.47477213541666663 0.11181640625 0.47477213541666663 0.11181640625 0.57568359375 0.014160156249999986 0.57568359375
0 0.10856119791666666 0.5284830729166666 0.19970703125 0.5284830729166666 0.19970703125 0.6033528645833334 0.10856119791666666 0.6033528645833334
0 0.18343098958333331 0.54638671875 0.28759765625 0.54638671875 0.28759765625 0.6505533854166666 0.18343098958333331 0.6505533854166666
0 0.2550455729166667 0.6066080729166666 0.3722330729166667 0.6066080729166666 0.3722330729166667 0.7042643229166666 0.2550455729166667 0.7042643229166666
0 0.18831380208333331 0.7205403645833334 0.3331705729166667 0.7205403645833334 0.3331705729166667 0.8263346354166666 0.18831380208333331 0.8263346354166666
1 0.13134765625 0.8035481770833334 0.2664388020833333 0.8035481770833334 0.2664388020833333 0.9012044270833334 0.13134765625 0.9012044270833334
0 0.030436197916666657 0.8751627604166666 0.13297526041666666 0.8751627604166666 0.13297526041666666 0.9239908854166666 0.030436197916666657 0.9239908854166666
0 0.0011393229166666574 0.8116861979166666 0.04345703125 0.8116861979166666 0.04345703125 0.8767903645833334 0.0011393229166666574 0.8767903645833334
0 0.002766927083333315 0.94189453125 0.051595052083333315 0.94189453125 0.051595052083333315 0.9923502604166666 0.002766927083333315 0.9923502604166666
0 0.06787109375 0.9288736979166666 0.14599609375 0.9288736979166666 0.14599609375 0.99560546875 0.06787109375 0.99560546875
0 0.17203776041666669 0.94677734375 0.23714192708333331 0.94677734375 0.23714192708333331 0.99072265625 0.17203776041666669 0.99072265625
0 0.2501627604166667 0.93701171875 0.3396809895833333 0.93701171875 0.3396809895833333 0.9939778645833334 0.2501627604166667 0.9939778645833334
0 0.4324544270833333 0.002766927083333315 0.52197265625 0.002766927083333315 0.52197265625 0.023925781249999983 0.4324544270833333 0.023925781249999983
0 0.53173828125 0.006022135416666648 0.6017252604166667 0.006022135416666648 0.6017252604166667 0.03531901041666665 0.53173828125 0.03531901041666665
0 0.6131184895833333 0.004394531249999982 0.70751953125 0.004394531249999982 0.70751953125 0.06298828124999999 0.6131184895833333 0.06298828124999999
0 0.7237955729166667 0.0011393229166666479 0.79541015625 0.0011393229166666479 0.79541015625 0.05973307291666665 0.7237955729166667 0.05973307291666665
0 0.80029296875 0.015787760416666647 0.8963216145833333 0.015787760416666647 0.8963216145833333 0.10856119791666664 0.80029296875 0.10856119791666664
0 0.90283203125 0.048339843749999986 0.99072265625 0.048339843749999986 0.99072265625 0.14111328125 0.90283203125 0.14111328125
2 0.7351888020833333 0.19645182291666666 0.9256184895833333 0.19645182291666666 0.9256184895833333 0.35107421875 0.7351888020833333 0.35107421875
0 0.7058919270833333 0.31852213541666663 0.8084309895833333 0.31852213541666663 0.8084309895833333 0.3933919270833333 0.7058919270833333 0.3933919270833333
0 0.6619466145833333 0.3787434895833333 0.7596028645833333 0.3787434895833333 0.7596028645833333 0.47802734375 0.6619466145833333 0.47802734375
0 0.6017252604166667 0.45035807291666663 0.6944986979166667 0.45035807291666663 0.6944986979166667 0.55126953125 0.6017252604166667 0.55126953125
0 0.5496419270833333 0.5333658854166666 0.65380859375 0.5333658854166666 0.65380859375 0.64404296875 0.5496419270833333 0.64404296875
0 0.5089518229166667 0.6131184895833334 0.6066080729166667 0.6131184895833334 0.6066080729166667 0.7189127604166666 0.5089518229166667 0.7189127604166666
0 0.4519856770833333 0.7530924479166666 0.5577799479166667 0.7530924479166666 0.5577799479166667 0.8230794270833334 0.4519856770833333 0.8230794270833334
0 0.4519856770833333 0.8181966145833334 0.5349934895833333 0.8181966145833334 0.5349934895833333 0.8523763020833334 0.4519856770833333 0.8523763020833334
0 0.4894205729166667 0.8963216145833334 0.56591796875 0.8963216145833334 0.56591796875 0.9874674479166666 0.4894205729166667 0.9874674479166666
0 0.5577799479166667 0.8474934895833334 0.6749674479166667 0.8474934895833334 0.6749674479166667 0.97607421875 0.5577799479166667 0.97607421875
0 0.6554361979166667 0.8409830729166666 0.76123046875 0.8409830729166666 0.76123046875 0.9305013020833334 0.6554361979166667 0.9305013020833334
2 0.7449544270833333 0.78076171875 0.9256184895833333 0.78076171875 0.9256184895833333 0.9353841145833334 0.7449544270833333 0.9353841145833334
0 0.69775390625 0.6700846354166666 0.7970377604166667 0.6700846354166666 0.7970377604166667 0.7482096354166666 0.69775390625 0.7482096354166666
0 0.73193359375 0.5154622395833334 0.8458658854166667 0.5154622395833334 0.8458658854166667 0.6652018229166666 0.73193359375 0.6652018229166666
0 0.8556315104166667 0.5008138020833334 0.94677734375 0.5008138020833334 0.94677734375 0.5984700520833334 0.8556315104166667 0.5984700520833334
1 0.8849283854166667 0.2713216145833333 0.998046875 0.2713216145833333 0.998046875 0.42057517722800913 0.8849283854166667 0.42057517722800913
