2 0.5236002604166667 0.009277343749999983 0.998046875 0.009277343749999983 0.998046875 0.20127747874860646 0.5236002604166667 0.20127747874860646
2 0.4015299479166667 0.19156901041666666 0.9972330729166667 0.19156901041666666 0.9972330729166667 0.52685546875 0.4015299479166667 0.52685546875
2 0.7449544270833333 0.65869140625 0.97607421875 0.65869140625 0.97607421875 0.83935546875 0.7449544270833333 0.83935546875
3 0.44384765625000006 0.8084309895833334 0.9093424479166667 0.8084309895833334 0.9093424479166667 0.9825846354166666 0.44384765625000006 0.9825846354166666
3 0.11995442708333331 0.7726236979166666 0.3771158854166667 0.7726236979166666 0.3771158854166667 0.9923502604166666 0.11995442708333331 0.9923502604166666
3 0.002766927083333315 0.71240234375 0.16878255208333331 0.71240234375 0.16878255208333331 0.98583984375 0.002766927083333315 0.98583984375
0 0.009277343749999986 0.55615234375 0.11507161458333331 0.55615234375 0.11507161458333331 0.66357421875 0.009277343749999986 0.66357421875
0 0.041829427083333315 0.46337890625 0.11507161458333331 0.46337890625 0.11507161458333331 0.5545247395833334 0.041829427083333315 0.5545247395833334
0 0.05810546875 0.36735026041666663 0.14274088541666666 0.36735026041666663 0.14274088541666666 0.46500651041666663 0.05810546875 0.46500651041666663
0 0.07926432291666666 0.26318359375 0.21435546875 0.26318359375 0.21435546875 0.3933919270833333 0.07926432291666666 0.3933919270833333
1 0.08414713541666666 0.15576171875 0.27294921875 0.15576171875 0.27294921875 0.2908528645833333 0.08414713541666666 0.2908528645833333
0 0.15576171875 0.07600911458333331 0.30224609375 0.07600911458333331 0.30224609375 0.19970703125 0.15576171875 0.19970703125
1 0.17529296875 0.004394531249999982 0.32177734375 0.004394531249999982 0.32177734375 0.10367838541666664 0.17529296875 0.10367838541666664
