0 0.032063802083333315 0.17692057291666666 0.14925130208333331 0.17692057291666666 0.14925130208333331 0.27783203125 0.032063802083333315 0.27783203125
1 0.13785807291666666 0.17366536458333334 0.23551432291666669 0.17366536458333334 0.23551432291666669 0.33317057291666663 0.13785807291666666 0.33317057291666663
0 0.24202473958333331 0.17854817708333334 0.33154296875 0.17854817708333334 0.33154296875 0.33805338541666663 0.24202473958333331 0.33805338541666663
0 0.3429361979166667 0.19807942708333334 0.4357096354166667 0.19807942708333334 0.4357096354166667 0.30712890625 0.3429361979166667 0.30712890625
0 0.45361328125000006 0.22900390625 0.5089518229166667 0.22900390625 0.5089518229166667 0.31689453125 0.45361328125000006 0.31689453125
0 0.5187174479166667 0.22249348958333334 0.6163736979166667 0.22249348958333334 0.6163736979166667 0.34619140625 0.5187174479166667 0.34619140625
0 0.6131184895833333 0.27945963541666663 0.6896158854166667 0.27945963541666663 0.6896158854166667 0.4031575520833333 0.6131184895833333 0.4031575520833333
1 0.6814778645833333 0.23225911458333334 0.7888997395833333 0.23225911458333334 0.7888997395833333 0.46500651041666663 0.6814778645833333 0.46500651041666663
1 0.78564453125 0.29899088541666663 0.8849283854166667 0.29899088541666663 0.8849283854166667 0.45524088541666663 0.78564453125 0.45524088541666663
0 0.8816731770833333 0.31852213541666663 0.9646809895833333 0.31852213541666663 0.9646809895833333 0.47314453125 0.8816731770833333 0.47314453125
0 0.009277343749999986 0.4666341145833333 0.11018880208333331 0.4666341145833333 0.11018880208333331 0.60498046875 0.009277343749999986 0.60498046875
0 0.16227213541666666 0.44059244791666663 0.24690755208333331 0.44059244791666663 0.24690755208333331 0.53662109375 0.16227213541666666 0.53662109375
0 0.24690755208333331 0.4568684895833333 0.34130859375 0.4568684895833333 0.34130859375 0.57080078125 0.24690755208333331 0.57080078125
0 0.3396809895833333 0.46826171875 0.42431640625000006 0.46826171875 0.42431640625000006 0.6017252604166666 0.3396809895833333 0.6017252604166666
0 0.42919921875000006 0.48779296875 0.5089518229166667 0.48779296875 0.5089518229166667 0.6261393229166666 0.42919921875000006 0.6261393229166666
0 0.5008138020833333 0.5154622395833334 0.5984700520833333 0.5154622395833334 0.5984700520833333 0.64892578125 0.5008138020833333 0.64892578125
0 0.60009765625 0.5333658854166666 0.7010091145833333 0.5333658854166666 0.7010091145833333 0.62939453125 0.60009765625 0.62939453125
1 0.68310546875 0.5138346354166666 0.8035481770833333 0.5138346354166666 0.8035481770833333 0.7156575520833334 0.68310546875 0.7156575520833334
0 0.7937825520833333 0.57568359375 0.8767903645833333 0.57568359375 0.8767903645833333 0.6847330729166666 0.7937825520833333 0.6847330729166666
0 0.8605143229166667 0.59033203125 0.9597981770833333 0.59033203125 0.9597981770833333 0.7205403645833334 0.8605143229166667 0.7205403645833334
0 0.97607421875 0.61962890625 0.998046875 0.61962890625 0.998046875 0.7171325683593748 0.97607421875 0.7171325683593748
0 0.92724609375 0.7677408854166666 0.998046875 0.7677408854166666 0.998046875 0.9061242305871213 0.92724609375 0.9061242305871213
0 0.82470703125 0.7726236979166666 0.92236328125 0.7726236979166666 0.92236328125 0.8670247395833334 0.82470703125 0.8670247395833334
0 0.73193359375 0.7644856770833334 0.8181966145833333 0.7644856770833334 0.8181966145833333 0.8377278645833334 0.73193359375 0.8377278645833334
0 0.64404296875 0.7042643229166666 0.7400716145833333 0.7042643229166666 0.7400716145833333 0.8361002604166666 0.64404296875 0.8361002604166666
0 0.56103515625 0.6896158854166666 0.6407877604166667 0.6896158854166666 0.6407877604166667 0.8165690104166666 0.56103515625 0.8165690104166666
0 0.45849609375000006 0.69287109375 0.56591796875 0.69287109375 0.56591796875 0.7921549479166666 0.45849609375000006 0.7921549479166666
0 0.3787434895833333 0.66845703125 0.4617513020833333 0.66845703125 0.4617513020833333 0.7530924479166666 0.3787434895833333 0.7530924479166666
0 0.2941080729166667 0.6570638020833334 0.3787434895833333 0.6570638020833334 0.3787434895833333 0.7433268229166666 0.2941080729166667 0.7433268229166666
0 0.2892252604166667 0.6570638020833334 0.3787434895833333 0.6570638020833334 0.3787434895833333 0.74658203125 0.2892252604166667 0.74658203125
0 0.20296223958333331 0.63427734375 0.2794596354166667 0.63427734375 0.2794596354166667 0.73193359375 0.20296223958333331 0.73193359375
0 0.11832682291666666 0.5838216145833334 0.20296223958333331 0.5838216145833334 0.20296223958333331 0.70263671875 0.11832682291666666 0.70263671875
2 0.0011393229166666574 0.7433268229166666 0.12646484375 0.7433268229166666 0.12646484375 0.9532877604166666 0.0011393229166666574 0.9532877604166666
0 0.11669921875 0.82470703125 0.19807942708333331 0.82470703125 0.19807942708333331 0.92236328125 0.11669921875 0.92236328125
0 0.19482421875 0.8474934895833334 0.29736328125 0.8474934895833334 0.29736328125 0.9435221354166666 0.19482421875 0.9435221354166666
3 0.2957356770833333 0.83935546875 0.3771158854166667 0.83935546875 0.3771158854166667 0.9923502604166666 0.2957356770833333 0.9923502604166666
0 0.3787434895833333 0.89794921875 0.47802734375000006 0.89794921875 0.47802734375000006 0.98095703125 0.3787434895833333 0.98095703125
0 0.46337890625000006 0.9109700520833334 0.5426810128348214 0.9109700520833334 0.5426810128348214 0.998046875 0.46337890625000006 0.998046875
0 0.55615234375 0.9353841145833334 0.6554361979166667 0.9353841145833334 0.6554361979166667 0.9972330729166666 0.55615234375 0.9972330729166666
0 0.6603190104166667 0.9484049479166666 0.7579752604166667 0.9484049479166666 0.7579752604166667 0.9972330729166666 0.6603190104166667 0.9972330729166666
