0 0.014160156249999986 0.053222656249999986 0.07600911458333331 0.053222656249999986 0.07600911458333331 0.14599609375 0.014160156249999986 0.14599609375
0 0.07763671875 0.058105468749999986 0.14599609375 0.058105468749999986 0.14599609375 0.14925130208333334 0.07763671875 0.14925130208333334
0 0.13623046875 0.06624348958333331 0.20947265625 0.06624348958333331 0.20947265625 0.17203776041666666 0.13623046875 0.17203776041666666
0 0.21761067708333331 0.06136067708333332 0.2859700520833333 0.06136067708333332 0.2859700520833333 0.16389973958333334 0.21761067708333331 0.16389973958333334
0 0.28759765625 0.08089192708333331 0.35107421875 0.08089192708333331 0.35107421875 0.15576171875 0.28759765625 0.15576171875
0 0.3673502604166667 0.07763671874999999 0.43896484375000006 0.07763671874999999 0.43896484375000006 0.17366536458333334 0.3673502604166667 0.17366536458333334
0 0.43408203125000006 0.06298828124999999 0.4991861979166667 0.06298828124999999 0.4991861979166667 0.17203776041666666 0.43408203125000006 0.17203776041666666
0 0.42431640625000006 0.25504557291666663 0.4747721354166667 0.25504557291666663 0.4747721354166667 0.34293619791666663 0.42431640625000006 0.34293619791666663
1 0.3347981770833333 0.23388671875 0.4129231770833333 0.23388671875 0.4129231770833333 0.37548828125 0.3347981770833333 0.37548828125
0 0.3103841145833333 0.2615559895833333 0.3380533854166667 0.2615559895833333 0.3380533854166667 0.30712890625 0.3103841145833333 0.30712890625
0 0.19645182291666669 0.20133463541666666 0.2762044270833333 0.20133463541666666 0.2762044270833333 0.34130859375 0.19645182291666669 0.34130859375
0 0.13460286458333331 0.20621744791666666 0.18994140625 0.20621744791666666 0.18994140625 0.33642578125 0.13460286458333331 0.33642578125
0 0.06461588541666666 0.22574869791666666 0.12320963541666666 0.22574869791666666 0.12320963541666666 0.31689453125 0.06461588541666666 0.31689453125
0 0.007649739583333315 0.23714192708333334 0.05973307291666666 0.23714192708333334 0.05973307291666666 0.3152669270833333 0.007649739583333315 0.3152669270833333
2 0.4991861979166667 0.06787109374999999 0.70263671875 0.06787109374999999 0.70263671875 0.3982747395833333 0.4991861979166667 0.3982747395833333
0 0.8084309895833333 0.004394531249999982 0.9451497395833333 0.004394531249999982 0.9451497395833333 0.04508463541666665 0.8084309895833333 0.04508463541666665
0 0.9646809895833333 0.13785807291666666 0.998046875 0.13785807291666666 0.998046875 0.2182395241477273 0.9646809895833333 0.2182395241477273
2 0.7726236979166667 0.10693359374999999 0.9353841145833333 0.10693359374999999 0.9353841145833333 0.25830078125 0.7726236979166667 0.25830078125
2 0.78076171875 0.28759765625 0.9256184895833333 0.28759765625 0.9256184895833333 0.43408203125 0.78076171875 0.43408203125
2 0.9044596354166667 0.2664388020833333 0.998046875 0.2664388020833333 0.998046875 0.446065923219086 0.9044596354166667 0.446065923219086
2 0.5284830729166667 0.5040690104166666 0.6603190104166667 0.5040690104166666 0.6603190104166667 0.70751953125 0.5284830729166667 0.70751953125
2 0.3527018229166667 0.5545247395833334 0.5675455729166667 0.5545247395833334 0.5675455729166667 0.8181966145833334 0.3527018229166667 0.8181966145833334
2 0.5203450520833333 0.72705078125 0.6404271535054891 0.72705078125 0.6404271535054891 0.998046875 0.5203450520833333 0.998046875
2 0.004394531249999986 0.86865234375 0.3575846354166667 0.86865234375 0.3575846354166667 0.99072265625 0.004394531249999986 0.99072265625
2 0.015787760416666657 0.4129231770833333 0.10693359375 0.4129231770833333 0.10693359375 0.8572591145833334 0.015787760416666657 0.8572591145833334
3 0.11507161458333331 0.4226888020833333 0.39501953125 0.4226888020833333 0.39501953125 0.5642903645833334 0.11507161458333331 0.5642903645833334
2 0.18994140625 0.59033203125 0.27783203125 0.59033203125 0.27783203125 0.73193359375 0.18994140625 0.73193359375
2 0.21110026041666669 0.7547200520833334 0.31201171875 0.7547200520833334 0.31201171875 0.82470703125 0.21110026041666669 0.82470703125
2 0.18343098958333331 0.81982421875 0.27294921875 0.81982421875 0.27294921875 0.87841796875 0.18343098958333331 0.87841796875
2 0.70263671875 0.81005859375 0.9142252604166667 0.81005859375 0.9142252604166667 0.99560546875 0.70263671875 0.99560546875
1 0.7482096354166667 0.4568684895833333 0.8377278645833333 0.4568684895833333 0.8377278645833333 0.5968424479166666 0.7482096354166667 0.5968424479166666
0 0.83935546875 0.49267578125 0.8963216145833333 0.49267578125 0.8963216145833333 0.5724283854166666 0.83935546875 0.5724283854166666
0 0.90283203125 0.47802734375 0.9646809895833333 0.47802734375 0.9646809895833333 0.5870768229166666 0.90283203125 0.5870768229166666
0 0.88330078125 0.65869140625 0.95166015625 0.65869140625 0.95166015625 0.75146484375 0.88330078125 0.75146484375
0 0.81494140625 0.63916015625 0.87353515625 0.63916015625 0.87353515625 0.7530924479166666 0.81494140625 0.7530924479166666
2 0.7237955729166667 0.6033528645833334 0.8230794270833333 0.6033528645833334 0.8230794270833333 0.79052734375 0.7237955729166667 0.79052734375
