2 0.009277343749999986 0.004394531249999982 0.17041015625 0.004394531249999982 0.17041015625 0.13623046875 0.009277343749999986 0.13623046875
2 0.10042317708333331 0.21110026041666666 0.21110026041666669 0.21110026041666666 0.21110026041666669 0.3445638020833333 0.10042317708333331 0.3445638020833333
2 0.14274088541666666 0.16064453125 0.2941080729166667 0.16064453125 0.2941080729166667 0.2957356770833333 0.14274088541666666 0.2957356770833333
2 0.20133463541666669 0.08740234374999999 0.3592122395833333 0.08740234374999999 0.3592122395833333 0.23388671875 0.20133463541666669 0.23388671875
3 0.2843424479166667 0.014160156249999983 0.4275716145833333 0.014160156249999983 0.4275716145833333 0.16878255208333334 0.2843424479166667 0.16878255208333334
2 0.3592122395833333 0.006022135416666648 0.4698893229166667 0.006022135416666648 0.4698893229166667 0.08414713541666664 0.3592122395833333 0.08414713541666664
0 0.24690755208333331 0.3445638020833333 0.33154296875 0.3445638020833333 0.33154296875 0.42919921875 0.24690755208333331 0.42919921875
0 0.2810872395833333 0.3055013020833333 0.3722330729166667 0.3055013020833333 0.3722330729166667 0.3836263020833333 0.2810872395833333 0.3836263020833333
0 0.3624674479166667 0.23714192708333334 0.44873046875000006 0.23714192708333334 0.44873046875000006 0.32828776041666663 0.3624674479166667 0.32828776041666663
0 0.4015299479166667 0.16064453125 0.5154622395833333 0.16064453125 0.5154622395833333 0.2664388020833333 0.4015299479166667 0.2664388020833333
0 0.4601236979166667 0.10530598958333331 0.57080078125 0.10530598958333331 0.57080078125 0.19645182291666666 0.4601236979166667 0.19645182291666666
0 0.5138346354166667 0.038574218749999986 0.6277669270833333 0.038574218749999986 0.6277669270833333 0.13623046875 0.5138346354166667 0.13623046875
0 0.004394531249999986 0.37548828125 0.08414713541666666 0.37548828125 0.08414713541666666 0.47314453125 0.004394531249999986 0.47314453125
0 0.10205078125 0.5040690104166666 0.19319661458333331 0.5040690104166666 0.19319661458333331 0.5789388020833334 0.10205078125 0.5789388020833334
0 0.04345703125 0.5431315104166666 0.12972005208333331 0.5431315104166666 0.12972005208333331 0.6424153645833334 0.04345703125 0.6424153645833334
0 0.004394531249999986 0.59521484375 0.07438151041666666 0.59521484375 0.07438151041666666 0.7189127604166666 0.004394531249999986 0.7189127604166666
0 0.24853515625 0.6456705729166666 0.32666015625 0.6456705729166666 0.32666015625 0.7189127604166666 0.24853515625 0.7189127604166666
0 0.19319661458333331 0.7091471354166666 0.2794596354166667 0.7091471354166666 0.2794596354166667 0.79052734375 0.19319661458333331 0.79052734375
0 0.13460286458333331 0.7921549479166666 0.22900390625 0.7921549479166666 0.22900390625 0.85888671875 0.13460286458333331 0.85888671875
0 0.07438151041666666 0.8377278645833334 0.18668619791666669 0.8377278645833334 0.18668619791666669 0.9484049479166666 0.07438151041666666 0.9484049479166666
0 0.3347981770833333 0.73193359375 0.44873046875000006 0.73193359375 0.44873046875000006 0.8409830729166666 0.3347981770833333 0.8409830729166666
0 0.2859700520833333 0.8165690104166666 0.4015299479166667 0.8165690104166666 0.4015299479166667 0.9142252604166666 0.2859700520833333 0.9142252604166666
0 0.22900390625 0.87841796875 0.3429361979166667 0.87841796875 0.3429361979166667 0.9777018229166666 0.22900390625 0.9777018229166666
0 0.14762369791666666 0.9207356770833334 0.26280160501700645 0.9207356770833334 0.26280160501700645 0.998046875 0.14762369791666666 0.998046875
0 0.38525390625 0.49755859375 0.4991861979166667 0.49755859375 0.4991861979166667 0.61474609375 0.38525390625 0.61474609375
0 0.4422200520833333 0.44059244791666663 0.5382486979166667 0.44059244791666663 0.5382486979166667 0.5431315104166666 0.4422200520833333 0.5431315104166666
0 0.4943033854166667 0.3836263020833333 0.60498046875 0.3836263020833333 0.60498046875 0.49755859375 0.4943033854166667 0.49755859375
0 0.5691731770833333 0.32828776041666663 0.6700846354166667 0.32828776041666663 0.6700846354166667 0.4422200520833333 0.5691731770833333 0.4422200520833333
2 0.59521484375 0.23551432291666666 0.75634765625 0.23551432291666666 0.75634765625 0.38199869791666663 0.59521484375 0.38199869791666663
0 0.7042643229166667 0.20458984375 0.80029296875 0.20458984375 0.80029296875 0.30387369791666663 0.7042643229166667 0.30387369791666663
0 0.7693684895833333 0.13948567708333334 0.8767903645833333 0.13948567708333334 0.8767903645833333 0.2517903645833333 0.7693684895833333 0.2517903645833333
0 0.8230794270833333 0.07926432291666664 0.92724609375 0.07926432291666664 0.92724609375 0.18994140625 0.8230794270833333 0.18994140625
0 0.8751627604166667 0.014160156249999983 0.9695638020833333 0.014160156249999983 0.9695638020833333 0.11507161458333331 0.8751627604166667 0.11507161458333331
0 0.91748046875 0.17203776041666666 0.998046875 0.17203776041666666 0.998046875 0.2835912459935896 0.91748046875 0.2835912459935896
0 0.84423828125 0.24690755208333334 0.9679361979166667 0.24690755208333334 0.9679361979166667 0.34293619791666663 0.84423828125 0.34293619791666663
0 0.7742513020833333 0.2762044270833333 0.8946940104166667 0.2762044270833333 0.8946940104166667 0.39664713541666663 0.7742513020833333 0.39664713541666663
0 0.7433268229166667 0.3640950520833333 0.8474934895833333 0.3640950520833333 0.8474934895833333 0.4617513020833333 0.7433268229166667 0.4617513020833333
0 0.6700846354166667 0.42594401041666663 0.7840169270833333 0.42594401041666663 0.7840169270833333 0.5252278645833334 0.6700846354166667 0.5252278645833334
2 0.4991861979166667 0.49267578125 0.73193359375 0.49267578125 0.73193359375 0.72216796875 0.4991861979166667 0.72216796875
1 0.47314453125000006 0.86376953125 0.6721338478915662 0.86376953125 0.6721338478915662 0.998046875 0.47314453125000006 0.998046875
0 0.6505533854166667 0.7644856770833334 0.7677408854166667 0.7644856770833334 0.7677408854166667 0.8751627604166666 0.6505533854166667 0.8751627604166666
0 0.77587890625 0.63916015625 0.90283203125 0.63916015625 0.90283203125 0.7596028645833334 0.77587890625 0.7596028645833334
0 0.83447265625 0.59033203125 0.9532877604166667 0.59033203125 0.9532877604166667 0.6961263020833334 0.83447265625 0.6961263020833334
0 0.8995768229166667 0.51220703125 0.9923502604166667 0.51220703125 0.9923502604166667 0.6326497395833334 0.8995768229166667 0.6326497395833334
0 0.7726236979166667 0.8572591145833334 0.87841796875 0.8572591145833334 0.87841796875 0.97607421875 0.7726236979166667 0.97607421875
0 0.8361002604166667 0.8068033854166666 0.9402669270833333 0.8068033854166666 0.9402669270833333 0.9093424479166666 0.8361002604166667 0.9093424479166666
0 0.90283203125 0.7351888020833334 0.99560546875 0.7351888020833334 0.99560546875 0.8426106770833334 0.90283203125 0.8426106770833334
