0 0.90283203125 0.03206380208333332 0.998046875 0.03206380208333332 0.998046875 0.15425618489583331 0.90283203125 0.15425618489583331
0 0.79052734375 0.010904947916666647 0.89306640625 0.010904947916666647 0.89306640625 0.12646484375 0.79052734375 0.12646484375
0 0.71728515625 0.007649739583333316 0.7970377604166667 0.007649739583333316 0.7970377604166667 0.09554036458333331 0.71728515625 0.09554036458333331
0 0.6310221354166667 0.002766927083333315 0.7189127604166667 0.002766927083333315 0.7189127604166667 0.038574218749999986 0.6310221354166667 0.038574218749999986
0 0.9402669270833333 0.23063151041666666 0.998046875 0.23063151041666666 0.998046875 0.32901358389639634 0.9402669270833333 0.32901358389639634
0 0.8556315104166667 0.19807942708333334 0.9451497395833333 0.19807942708333334 0.9451497395833333 0.3103841145833333 0.8556315104166667 0.3103841145833333
0 0.76123046875 0.16064453125 0.85400390625 0.16064453125 0.85400390625 0.2908528645833333 0.76123046875 0.2908528645833333
0 0.6668294270833333 0.14599609375 0.7579752604166667 0.14599609375 0.7579752604166667 0.2615559895833333 0.6668294270833333 0.2615559895833333
1 0.5821940104166667 0.12158203124999999 0.6603190104166667 0.12158203124999999 0.6603190104166667 0.23063151041666666 0.5821940104166667 0.23063151041666666
0 0.49755859375000006 0.07763671874999999 0.60498046875 0.07763671874999999 0.60498046875 0.19970703125 0.49755859375000006 0.19970703125
0 0.4161783854166667 0.04020182291666665 0.52197265625 0.04020182291666665 0.52197265625 0.15738932291666666 0.4161783854166667 0.15738932291666666
1 0.33642578125 0.004394531249999982 0.45361328125000006 0.004394531249999982 0.45361328125000006 0.10856119791666664 0.33642578125 0.10856119791666664
0 0.24853515625 0.002766927083333315 0.3494466145833333 0.002766927083333315 0.3494466145833333 0.06298828124999999 0.24853515625 0.06298828124999999
0 0.004394531249999986 0.0011393229166666479 0.08089192708333331 0.0011393229166666479 0.08089192708333331 0.11018880208333331 0.004394531249999986 0.11018880208333331
0 0.006022135416666657 0.03206380208333332 0.14925130208333331 0.03206380208333332 0.14925130208333331 0.19156901041666666 0.006022135416666657 0.19156901041666666
0 0.18831380208333331 0.16227213541666666 0.3038736979166667 0.16227213541666666 0.3038736979166667 0.30712890625 0.18831380208333331 0.30712890625
0 0.12809244791666666 0.23225911458333334 0.2664388020833333 0.23225911458333334 0.2664388020833333 0.36083984375 0.12809244791666666 0.36083984375
1 0.07275390625 0.2957356770833333 0.19156901041666669 0.2957356770833333 0.19156901041666669 0.42919921875 0.07275390625 0.42919921875
0 0.004394531249999986 0.37060546875 0.13460286458333331 0.37060546875 0.13460286458333331 0.53173828125 0.004394531249999986 0.53173828125
0 0.3282877604166667 0.24853515625000003 0.4666341145833333 0.24853515625000003 0.4666341145833333 0.38525390625 0.3282877604166667 0.38525390625
1 0.2745768229166667 0.3201497395833333 0.39990234375 0.3201497395833333 0.39990234375 0.4422200520833333 0.2745768229166667 0.4422200520833333
1 0.23225911458333331 0.40152994791666663 0.3494466145833333 0.40152994791666663 0.3494466145833333 0.5252278645833334 0.23225911458333331 0.5252278645833334
0 0.16227213541666666 0.44873046875 0.2941080729166667 0.44873046875 0.2941080729166667 0.60009765625 0.16227213541666666 0.60009765625
0 0.12972005208333331 0.62451171875 0.2892252604166667 0.62451171875 0.2892252604166667 0.7498372395833334 0.12972005208333331 0.7498372395833334
0 0.24202473958333331 0.7286783854166666 0.3445638020833333 0.7286783854166666 0.3445638020833333 0.8214518229166666 0.24202473958333331 0.8214518229166666
0 0.2892252604166667 0.7775065104166666 0.4210611979166667 0.7775065104166666 0.4210611979166667 0.9191080729166666 0.2892252604166667 0.9191080729166666
0 0.3819986979166667 0.83935546875 0.4991861979166667 0.83935546875 0.4991861979166667 0.9500325520833334 0.3819986979166667 0.9500325520833334
0 0.40966796875 0.89306640625 0.5691731770833333 0.89306640625 0.5691731770833333 0.9939778645833334 0.40966796875 0.9939778645833334
0 0.5203450520833333 0.9549153645833334 0.6220121837797613 0.9549153645833334 0.6220121837797613 0.998046875 0.5203450520833333 0.998046875
0 0.8181966145833333 0.8816731770833334 0.9500325520833333 0.8816731770833334 0.9500325520833333 0.9939778645833334 0.8181966145833333 0.9939778645833334
0 0.91748046875 0.80029296875 0.998046875 0.80029296875 0.998046875 0.927503083881579 0.91748046875 0.927503083881579
0 0.9744466145833333 0.9402669270833334 0.9963092975788288 0.9402669270833334 0.9963092975788288 0.998046875 0.9744466145833333 0.998046875
0 0.8751627604166667 0.61962890625 0.998046875 0.61962890625 0.998046875 0.7707622425766283 0.8751627604166667 0.7707622425766283
0 0.7693684895833333 0.5984700520833334 0.85888671875 0.5984700520833334 0.85888671875 0.71728515625 0.7693684895833333 0.71728515625
0 0.6082356770833333 0.6847330729166666 0.76611328125 0.6847330729166666 0.76611328125 0.8458658854166666 0.6082356770833333 0.8458658854166666
0 0.5203450520833333 0.62939453125 0.6896158854166667 0.62939453125 0.6896158854166667 0.7937825520833334 0.5203450520833333 0.7937825520833334
1 0.4454752604166667 0.6066080729166666 0.5773111979166667 0.6066080729166666 0.5773111979166667 0.7351888020833334 0.4454752604166667 0.7351888020833334
1 0.3771158854166667 0.54150390625 0.5089518229166667 0.54150390625 0.5089518229166667 0.6652018229166666 0.3771158854166667 0.6652018229166666
1 0.4959309895833333 0.4373372395833333 0.62451171875 0.4373372395833333 0.62451171875 0.5724283854166666 0.4959309895833333 0.5724283854166666
0 0.56103515625 0.34293619791666663 0.68310546875 0.34293619791666663 0.68310546875 0.5154622395833334 0.56103515625 0.5154622395833334
1 0.66357421875 0.38037109375 0.76123046875 0.38037109375 0.76123046875 0.5040690104166666 0.66357421875 0.5040690104166666
0 0.74169921875 0.40478515625 0.8474934895833333 0.40478515625 0.8474934895833333 0.51708984375 0.74169921875 0.51708984375
0 0.8328450520833333 0.41617838541666663 0.94189453125 0.41617838541666663 0.94189453125 0.5382486979166666 0.8328450520833333 0.5382486979166666
0 0.9239908854166667 0.44873046875 0.998046875 0.44873046875 0.998046875 0.5524088541666666 0.9239908854166667 0.5524088541666666
