0 0.006022135416666657 0.009277343749999983 0.05810546875 0.009277343749999983 0.05810546875 0.08251953124999999 0.006022135416666657 0.08251953124999999
0 0.002766927083333315 0.26481119791666663 0.08902994791666666 0.26481119791666663 0.08902994791666666 0.3640950520833333 0.002766927083333315 0.3640950520833333
0 0.061360677083333315 0.20133463541666666 0.15413411458333331 0.20133463541666666 0.15413411458333331 0.30712890625 0.061360677083333315 0.30712890625
0 0.12320963541666666 0.13948567708333334 0.20133463541666669 0.13948567708333334 0.20133463541666669 0.21110026041666666 0.12320963541666666 0.21110026041666666
0 0.17366536458333331 0.07275390624999999 0.2648111979166667 0.07275390624999999 0.2648111979166667 0.16715494791666666 0.17366536458333331 0.16715494791666666
1 0.22574869791666669 0.009277343749999983 0.3738606770833333 0.009277343749999983 0.3738606770833333 0.13623046875 0.22574869791666669 0.13623046875
0 0.3087565104166667 0.0011393229166666479 0.43408203125000006 0.0011393229166666479 0.43408203125000006 0.048339843749999986 0.3087565104166667 0.048339843749999986
0 0.4666341145833333 0.004394531249999982 0.5724283854166667 0.004394531249999982 0.5724283854166667 0.08089192708333331 0.4666341145833333 0.08089192708333331
0 0.4112955729166667 0.048339843749999986 0.5008138020833333 0.048339843749999986 0.5008138020833333 0.13623046875 0.4112955729166667 0.13623046875
0 0.3494466145833333 0.12646484375 0.43408203125000006 0.12646484375 0.43408203125000006 0.18668619791666666 0.3494466145833333 0.18668619791666666
0 0.2957356770833333 0.18831380208333334 0.38525390625 0.18831380208333334 0.38525390625 0.2762044270833333 0.2957356770833333 0.2762044270833333
0 0.22574869791666669 0.24202473958333334 0.3103841145833333 0.24202473958333334 0.3103841145833333 0.34130859375 0.22574869791666669 0.34130859375
0 0.17692057291666669 0.3055013020833333 0.27294921875 0.3055013020833333 0.27294921875 0.37711588541666663 0.17692057291666669 0.37711588541666663
0 0.09879557291666666 0.34130859375 0.20947265625 0.34130859375 0.20947265625 0.45035807291666663 0.09879557291666666 0.45035807291666663
0 0.05322265625 0.4324544270833333 0.13785807291666666 0.4324544270833333 0.13785807291666666 0.5040690104166666 0.05322265625 0.5040690104166666
0 0.004394531249999986 0.49430338541666663 0.05485026041666666 0.49430338541666663 0.05485026041666666 0.5577799479166666 0.004394531249999986 0.5577799479166666
0 0.014160156249999986 0.80029296875 0.09716796875 0.80029296875 0.09716796875 0.8898111979166666 0.014160156249999986 0.8898111979166666
0 0.0011393229166666574 0.8605143229166666 0.046712239583333315 0.8605143229166666 0.046712239583333315 0.9484049479166666 0.0011393229166666574 0.9484049479166666
0 0.08251953125 0.72705078125 0.14925130208333331 0.72705078125 0.14925130208333331 0.80029296875 0.08251953125 0.80029296875
0 0.14925130208333331 0.65380859375 0.24690755208333331 0.65380859375 0.24690755208333331 0.7433268229166666 0.14925130208333331 0.7433268229166666
0 0.24039713541666669 0.6131184895833334 0.30712890625 0.6131184895833334 0.30712890625 0.6798502604166666 0.24039713541666669 0.6798502604166666
0 0.27294921875 0.52685546875 0.3592122395833333 0.52685546875 0.3592122395833333 0.60498046875 0.27294921875 0.60498046875
0 0.3380533854166667 0.4666341145833333 0.4210611979166667 0.4666341145833333 0.4210611979166667 0.5528971354166666 0.3380533854166667 0.5528971354166666
0 0.3819986979166667 0.42106119791666663 0.46337890625000006 0.42106119791666663 0.46337890625000006 0.5008138020833334 0.3819986979166667 0.5008138020833334
0 0.4552408854166667 0.35270182291666663 0.53662109375 0.35270182291666663 0.53662109375 0.42431640625 0.4552408854166667 0.42431640625
0 0.50732421875 0.29410807291666663 0.59033203125 0.29410807291666663 0.59033203125 0.36572265625 0.50732421875 0.36572265625
0 0.56591796875 0.22412109375 0.6814778645833333 0.22412109375 0.6814778645833333 0.33642578125 0.56591796875 0.33642578125
0 0.6212565104166667 0.16389973958333334 0.7237955729166667 0.16389973958333334 0.7237955729166667 0.25016276041666663 0.6212565104166667 0.25016276041666663
0 0.6912434895833333 0.09879557291666664 0.7970377604166667 0.09879557291666664 0.7970377604166667 0.19319661458333334 0.6912434895833333 0.19319661458333334
0 0.7547200520833333 0.030436197916666647 0.83447265625 0.030436197916666647 0.83447265625 0.12158203124999999 0.7547200520833333 0.12158203124999999
0 0.8068033854166667 0.004394531249999982 0.8946940104166667 0.004394531249999982 0.8946940104166667 0.06949869791666664 0.8068033854166667 0.06949869791666664
0 0.91259765625 0.06136067708333332 0.998046875 0.06136067708333332 0.998046875 0.15291341145833343 0.91259765625 0.15291341145833343
0 0.8409830729166667 0.11344401041666664 0.9532877604166667 0.11344401041666664 0.9532877604166667 0.22737630208333334 0.8409830729166667 0.22737630208333334
2 0.7775065104166667 0.18831380208333334 0.92236328125 0.18831380208333334 0.92236328125 0.3250325520833333 0.7775065104166667 0.3250325520833333
2 0.7237955729166667 0.2517903645833333 0.86376953125 0.2517903645833333 0.86376953125 0.3738606770833333 0.7237955729166667 0.3738606770833333
2 0.6668294270833333 0.32666015625 0.8279622395833333 0.32666015625 0.8279622395833333 0.4568684895833333 0.6668294270833333 0.4568684895833333
0 0.61474609375 0.40152994791666663 0.7058919270833333 0.40152994791666663 0.7058919270833333 0.4617513020833333 0.61474609375 0.4617513020833333
0 0.53662109375 0.4324544270833333 0.6505533854166667 0.4324544270833333 0.6505533854166667 0.54150390625 0.53662109375 0.54150390625
0 0.4845377604166667 0.5089518229166666 0.60009765625 0.5089518229166666 0.60009765625 0.6082356770833334 0.4845377604166667 0.6082356770833334
0 0.4161783854166667 0.5594075520833334 0.53173828125 0.5594075520833334 0.53173828125 0.6619466145833334 0.4161783854166667 0.6619466145833334
3 0.29248046875 0.6749674479166666 0.4747721354166667 0.6749674479166666 0.4747721354166667 0.8328450520833334 0.29248046875 0.8328450520833334
3 0.37548828125 0.6310221354166666 0.4991861979166667 0.6310221354166666 0.4991861979166667 0.7579752604166666 0.37548828125 0.7579752604166666
3 0.24365234375 0.73681640625 0.3689778645833333 0.73681640625 0.3689778645833333 0.87353515625 0.24365234375 0.87353515625
2 0.16715494791666669 0.81494140625 0.3299153645833333 0.81494140625 0.3299153645833333 0.9451497395833334 0.16715494791666669 0.9451497395833334
0 0.10367838541666666 0.8816731770833334 0.22086588541666669 0.8816731770833334 0.22086588541666669 0.98583984375 0.10367838541666666 0.98583984375
0 0.93212890625 0.4519856770833333 0.99560546875 0.4519856770833333 0.99560546875 0.5333658854166666 0.93212890625 0.5333658854166666
2 0.8328450520833333 0.47314453125 0.96630859375 0.47314453125 0.96630859375 0.6017252604166666 0.8328450520833333 0.6017252604166666
2 0.78564453125 0.5480143229166666 0.91259765625 0.5480143229166666 0.91259765625 0.6619466145833334 0.78564453125 0.6619466145833334
2 0.7140299479166667 0.6017252604166666 0.8556315104166667 0.6017252604166666 0.8556315104166667 0.7156575520833334 0.7140299479166667 0.7156575520833334
3 0.6603190104166667 0.65869140625 0.81005859375 0.65869140625 0.81005859375 0.79052734375 0.6603190104166667 0.79052734375
2 0.6033528645833333 0.72216796875 0.7547200520833333 0.72216796875 0.7547200520833333 0.86376953125 0.6033528645833333 0.86376953125
3 0.4796549479166667 0.8019205729166666 0.67333984375 0.8019205729166666 0.67333984375 0.9532877604166666 0.4796549479166667 0.9532877604166666
2 0.39013671875 0.92236328125 0.6284595246010638 0.92236328125 0.6284595246010638 0.998046875 0.39013671875 0.998046875
0 0.9597981770833333 0.6228841145833334 0.998046875 0.6228841145833334 0.998046875 0.69146798670977 0.9597981770833333 0.69146798670977
0 0.92724609375 0.6652018229166666 0.998046875 0.6652018229166666 0.998046875 0.744672087585034 0.92724609375 0.744672087585034
0 0.8670247395833333 0.7237955729166666 0.94677734375 0.7237955729166666 0.94677734375 0.80029296875 0.8670247395833333 0.80029296875
0 0.7742513020833333 0.7840169270833334 0.8800455729166667 0.7840169270833334 0.8800455729166667 0.8670247395833334 0.7742513020833333 0.8670247395833334
0 0.72216796875 0.8572591145833334 0.81982421875 0.8572591145833334 0.81982421875 0.9532877604166666 0.72216796875 0.9532877604166666
