0 0.002766927083333315 0.002766927083333315 0.07112630208333331 0.002766927083333315 0.07112630208333331 0.12809244791666666 0.002766927083333315 0.12809244791666666
1 0.07763671875 0.002766927083333315 0.17366536458333331 0.002766927083333315 0.17366536458333331 0.13785807291666666 0.07763671875 0.13785807291666666
0 0.17854817708333331 0.0011393229166666479 0.24527994791666669 0.0011393229166666479 0.24527994791666669 0.07600911458333331 0.17854817708333331 0.07600911458333331
0 0.2501627604166667 0.0011393229166666479 0.3185221354166667 0.0011393229166666479 0.3185221354166667 0.05485026041666665 0.2501627604166667 0.05485026041666665
1 0.3347981770833333 0.0011393229166666479 0.4226888020833333 0.0011393229166666479 0.4226888020833333 0.08902994791666664 0.3347981770833333 0.08902994791666664
0 0.50244140625 0.0011393229166666479 0.5594075520833333 0.0011393229166666479 0.5594075520833333 0.027180989583333315 0.50244140625 0.027180989583333315
0 0.010904947916666657 0.16552734375 0.07763671875 0.16552734375 0.07763671875 0.3055013020833333 0.010904947916666657 0.3055013020833333
0 0.08577473958333331 0.16389973958333334 0.16878255208333331 0.16389973958333334 0.16878255208333331 0.2908528645833333 0.08577473958333331 0.2908528645833333
0 0.17366536458333331 0.16715494791666666 0.24853515625 0.16715494791666666 0.24853515625 0.26481119791666663 0.17366536458333331 0.26481119791666663
2 0.24853515625 0.10693359374999999 0.3640950520833333 0.10693359374999999 0.3640950520833333 0.26969401041666663 0.24853515625 0.26969401041666663
0 0.3787434895833333 0.12809244791666666 0.4405924479166667 0.12809244791666666 0.4405924479166667 0.21598307291666666 0.3787434895833333 0.21598307291666666
0 0.46337890625000006 0.08089192708333331 0.5594075520833333 0.08089192708333331 0.5594075520833333 0.19970703125 0.46337890625000006 0.19970703125
0 0.5626627604166667 0.019042968749999983 0.6554361979166667 0.019042968749999983 0.6554361979166667 0.18017578125 0.5626627604166667 0.18017578125
0 0.6603190104166667 0.058105468749999986 0.7433268229166667 0.058105468749999986 0.7433268229166667 0.16552734375 0.6603190104166667 0.16552734375
0 0.72705078125 0.014160156249999983 0.8361002604166667 0.014160156249999983 0.8361002604166667 0.13623046875 0.72705078125 0.13623046875
0 0.84912109375 0.0011393229166666479 0.9191080729166667 0.0011393229166666479 0.9191080729166667 0.10856119791666664 0.84912109375 0.10856119791666664
0 0.53173828125 0.30387369791666663 0.6359049479166667 0.30387369791666663 0.6359049479166667 0.41617838541666663 0.53173828125 0.41617838541666663
1 0.4178059895833333 0.30712890625 0.5252278645833333 0.30712890625 0.5252278645833333 0.47802734375 0.4178059895833333 0.47802734375
1 0.31201171875 0.3396809895833333 0.4161783854166667 0.3396809895833333 0.4161783854166667 0.49267578125 0.31201171875 0.49267578125
0 0.2501627604166667 0.36572265625 0.3152669270833333 0.36572265625 0.3152669270833333 0.46337890625 0.2501627604166667 0.46337890625
0 0.13460286458333331 0.39176432291666663 0.22249348958333331 0.39176432291666663 0.22249348958333331 0.4812825520833333 0.13460286458333331 0.4812825520833333
0 0.025553385416666657 0.4178059895833333 0.13297526041666666 0.4178059895833333 0.13297526041666666 0.5480143229166666 0.025553385416666657 0.5480143229166666
0 0.0011393229166666574 0.6131184895833334 0.08740234375 0.6131184895833334 0.08740234375 0.7156575520833334 0.0011393229166666574 0.7156575520833334
0 0.09391276041666666 0.5838216145833334 0.17366536458333331 0.5838216145833334 0.17366536458333331 0.6912434895833334 0.09391276041666666 0.6912434895833334
0 0.19807942708333331 0.5333658854166666 0.2843424479166667 0.5333658854166666 0.2843424479166667 0.6717122395833334 0.19807942708333331 0.6717122395833334
0 0.2957356770833333 0.5480143229166666 0.38525390625 0.5480143229166666 0.38525390625 0.64892578125 0.2957356770833333 0.64892578125
0 0.3966471354166667 0.5089518229166666 0.47802734375000006 0.5089518229166666 0.47802734375000006 0.6180013020833334 0.3966471354166667 0.6180013020833334
0 0.4894205729166667 0.49267578125 0.6033528645833333 0.49267578125 0.6033528645833333 0.6066080729166666 0.4894205729166667 0.6066080729166666
0 0.04508463541666666 0.8214518229166666 0.10205078125 0.8214518229166666 0.10205078125 0.9158528645833334 0.04508463541666666 0.9158528645833334
0 0.13785807291666666 0.7921549479166666 0.21110026041666669 0.7921549479166666 0.21110026041666669 0.88818359375 0.13785807291666666 0.88818359375
0 0.24690755208333331 0.7677408854166666 0.34130859375 0.7677408854166666 0.34130859375 0.8995768229166666 0.24690755208333331 0.8995768229166666
0 0.35107421875 0.7482096354166666 0.43896484375000006 0.7482096354166666 0.43896484375000006 0.8409830729166666 0.35107421875 0.8409830729166666
0 0.4324544270833333 0.7254231770833334 0.54150390625 0.7254231770833334 0.54150390625 0.83935546875 0.4324544270833333 0.83935546875
0 0.3885091145833333 0.9256184895833334 0.4796549479166667 0.9256184895833334 0.4796549479166667 0.9972330729166666 0.3885091145833333 0.9972330729166666
0 0.30712890625 0.9581705729166666 0.36572265625 0.9581705729166666 0.36572265625 0.9972330729166666 0.30712890625 0.9972330729166666
0 0.17203776041666669 0.9337565104166666 0.2692573361280485 0.9337565104166666 0.2692573361280485 0.998046875 0.17203776041666669 0.998046875
3 0.7384440104166667 0.19645182291666666 0.94189453125 0.19645182291666666 0.94189453125 0.3689778645833333 0.7384440104166667 0.3689778645833333
0 0.7351888020833333 0.38199869791666663 0.82958984375 0.38199869791666663 0.82958984375 0.45361328125 0.7351888020833333 0.45361328125
1 0.66845703125 0.4666341145833333 0.8621419270833333 0.4666341145833333 0.8621419270833333 0.62939453125 0.66845703125 0.62939453125
0 0.6668294270833333 0.71240234375 0.76123046875 0.71240234375 0.76123046875 0.7937825520833334 0.6668294270833333 0.7937825520833334
0 0.6505533854166667 0.8084309895833334 0.7286783854166667 0.8084309895833334 0.7286783854166667 0.8719075520833334 0.6505533854166667 0.8719075520833334
1 0.5691731770833333 0.88330078125 0.7577968928367578 0.88330078125 0.7577968928367578 0.998046875 0.5691731770833333 0.998046875
