0 0.08740234375 0.0011393229166666479 0.18017578125 0.0011393229166666479 0.18017578125 0.058105468749999986 0.08740234375 0.058105468749999986
2 0.002766927083333315 0.007649739583333316 0.05973307291666666 0.007649739583333316 0.05973307291666666 0.16064453125 0.002766927083333315 0.16064453125
0 0.004394531249999986 0.18668619791666666 0.07112630208333331 0.18668619791666666 0.07112630208333331 0.2615559895833333 0.004394531249999986 0.2615559895833333
0 0.004394531249999986 0.2713216145833333 0.05973307291666666 0.2713216145833333 0.05973307291666666 0.34619140625 0.004394531249999986 0.34619140625
0 0.010904947916666657 0.35758463541666663 0.08902994791666666 0.35758463541666663 0.08902994791666666 0.44059244791666663 0.010904947916666657 0.44059244791666663
0 0.027180989583333315 0.41455078125 0.11832682291666666 0.41455078125 0.11832682291666666 0.49267578125 0.027180989583333315 0.49267578125
0 0.06787109375 0.48942057291666663 0.16227213541666666 0.48942057291666663 0.16227213541666666 0.56103515625 0.06787109375 0.56103515625
0 0.08251953125 0.5496419270833334 0.16552734375 0.5496419270833334 0.16552734375 0.6163736979166666 0.08251953125 0.6163736979166666
0 0.13134765625 0.6228841145833334 0.19482421875 0.6228841145833334 0.19482421875 0.68310546875 0.13134765625 0.68310546875
0 0.14274088541666666 0.67822265625 0.24039713541666669 0.67822265625 0.24039713541666669 0.80517578125 0.14274088541666666 0.80517578125
0 0.06949869791666666 0.74658203125 0.15087890625 0.74658203125 0.15087890625 0.82958984375 0.06949869791666666 0.82958984375
0 0.0011393229166666574 0.74169921875 0.06624348958333331 0.74169921875 0.06624348958333331 0.8474934895833334 0.0011393229166666574 0.8474934895833334
0 0.24202473958333331 0.8946940104166666 0.3299153645833333 0.8946940104166666 0.3299153645833333 0.9728190104166666 0.24202473958333331 0.9728190104166666
0 0.32177734375 0.87353515625 0.3738606770833333 0.87353515625 0.3738606770833333 0.9402669270833334 0.32177734375 0.9402669270833334
0 0.3933919270833333 0.83447265625 0.4796549479166667 0.83447265625 0.4796549479166667 0.9337565104166666 0.3933919270833333 0.9337565104166666
0 0.5984700520833333 0.9435221354166666 0.6521809895833333 0.9435221354166666 0.6521809895833333 0.9972330729166666 0.5984700520833333 0.9972330729166666
2 0.3201497395833333 0.61474609375 0.4910481770833333 0.61474609375 0.4910481770833333 0.7449544270833334 0.3201497395833333 0.7449544270833334
0 0.4812825520833333 0.58544921875 0.5626627604166667 0.58544921875 0.5626627604166667 0.6863606770833334 0.4812825520833333 0.6863606770833334
0 0.55615234375 0.5447591145833334 0.6375325520833333 0.5447591145833334 0.6375325520833333 0.6619466145833334 0.55615234375 0.6619466145833334
0 0.47802734375000006 0.4812825520833333 0.5773111979166667 0.4812825520833333 0.5773111979166667 0.55126953125 0.47802734375000006 0.55126953125
0 0.2794596354166667 0.5301106770833334 0.3836263020833333 0.5301106770833334 0.3836263020833333 0.5984700520833334 0.2794596354166667 0.5984700520833334
0 0.25341796875 0.4959309895833333 0.3543294270833333 0.4959309895833333 0.3543294270833333 0.55126953125 0.25341796875 0.55126953125
0 0.26806640625 0.41943359375 0.3592122395833333 0.41943359375 0.3592122395833333 0.49267578125 0.26806640625 0.49267578125
1 0.20458984375 0.35758463541666663 0.3738606770833333 0.35758463541666663 0.3738606770833333 0.45524088541666663 0.20458984375 0.45524088541666663
0 0.16878255208333331 0.30387369791666663 0.28271484375 0.30387369791666663 0.28271484375 0.39013671875 0.16878255208333331 0.39013671875
0 0.19645182291666669 0.12483723958333333 0.28759765625 0.12483723958333333 0.28759765625 0.20458984375 0.19645182291666669 0.20458984375
0 0.31689453125 0.07275390624999999 0.4259440104166667 0.07275390624999999 0.4259440104166667 0.14599609375 0.31689453125 0.14599609375
0 0.2664388020833333 0.09228515624999999 0.33154296875 0.09228515624999999 0.33154296875 0.17366536458333334 0.2664388020833333 0.17366536458333334
0 0.3592122395833333 0.30224609375 0.43896484375000006 0.30224609375 0.43896484375000006 0.36735026041666663 0.3592122395833333 0.36735026041666663
0 0.18180338541666669 0.2566731770833333 0.25341796875 0.2566731770833333 0.25341796875 0.3103841145833333 0.18180338541666669 0.3103841145833333
0 0.26806640625 0.21110026041666666 0.3136393229166667 0.21110026041666666 0.3136393229166667 0.24527994791666666 0.26806640625 0.24527994791666666
0 0.33154296875 0.22900390625 0.3771158854166667 0.22900390625 0.3771158854166667 0.27945963541666663 0.33154296875 0.27945963541666663
0 0.2989908854166667 0.24690755208333334 0.3429361979166667 0.24690755208333334 0.3429361979166667 0.3006184895833333 0.2989908854166667 0.3006184895833333
0 0.3933919270833333 0.21110026041666666 0.44384765625000006 0.21110026041666666 0.44384765625000006 0.2566731770833333 0.3933919270833333 0.2566731770833333
0 0.4178059895833333 0.25016276041666663 0.4666341145833333 0.25016276041666663 0.4666341145833333 0.28759765625 0.4178059895833333 0.28759765625
1 0.3738606770833333 0.3494466145833333 0.55126953125 0.3494466145833333 0.55126953125 0.4275716145833333 0.3738606770833333 0.4275716145833333
0 0.4861653645833333 0.4080403645833333 0.5577799479166667 0.4080403645833333 0.5577799479166667 0.47802734375 0.4861653645833333 0.47802734375
0 0.5089518229166667 0.014160156249999983 0.56591796875 0.014160156249999983 0.56591796875 0.10042317708333331 0.5089518229166667 0.10042317708333331
0 0.5577799479166667 0.07600911458333331 0.6310221354166667 0.07600911458333331 0.6310221354166667 0.13297526041666666 0.5577799479166667 0.13297526041666666
0 0.6033528645833333 0.20133463541666666 0.6814778645833333 0.20133463541666666 0.6814778645833333 0.26318359375 0.6033528645833333 0.26318359375
0 0.6896158854166667 0.3933919270833333 0.8068033854166667 0.3933919270833333 0.8068033854166667 0.45361328125 0.6896158854166667 0.45361328125
2 0.6603190104166667 0.47477213541666663 0.8474934895833333 0.47477213541666663 0.8474934895833333 0.6310221354166666 0.6603190104166667 0.6310221354166666
2 0.73193359375 0.6114908854166666 0.9484049479166667 0.6114908854166666 0.9484049479166667 0.7644856770833334 0.73193359375 0.7644856770833334
2 0.8214518229166667 0.8084309895833334 0.998046875 0.8084309895833334 0.998046875 0.9898422703598484 0.8214518229166667 0.9898422703598484
2 0.89794921875 0.5528971354166666 0.998046875 0.5528971354166666 0.998046875 0.81982421875 0.89794921875 0.81982421875
1 0.83935546875 0.39664713541666663 0.98095703125 0.39664713541666663 0.98095703125 0.5626627604166666 0.83935546875 0.5626627604166666
0 0.8263346354166667 0.3299153645833333 0.8751627604166667 0.3299153645833333 0.8751627604166667 0.40152994791666663 0.8263346354166667 0.40152994791666663
0 0.57568359375 0.007649739583333316 0.6847330729166667 0.007649739583333316 0.6847330729166667 0.04671223958333332 0.57568359375 0.04671223958333332
0 0.6993815104166667 0.0011393229166666479 0.7823893229166667 0.0011393229166666479 0.7823893229166667 0.030436197916666647 0.6993815104166667 0.030436197916666647
0 0.72705078125 0.07600911458333331 0.8084309895833333 0.07600911458333331 0.8084309895833333 0.14111328125 0.72705078125 0.14111328125
0 0.74169921875 0.14274088541666666 0.81982421875 0.14274088541666666 0.81982421875 0.18994140625 0.74169921875 0.18994140625
0 0.9435221354166667 0.2810872395833333 0.998046875 0.2810872395833333 0.998046875 0.342261337652439 0.9435221354166667 0.342261337652439
1 0.7351888020833333 0.22737630208333334 0.9142252604166667 0.22737630208333334 0.9142252604166667 0.33317057291666663 0.7351888020833333 0.33317057291666663
0 0.8068033854166667 0.010904947916666647 0.8507486979166667 0.010904947916666647 0.8507486979166667 0.04508463541666665 0.8068033854166667 0.04508463541666665
0 0.8800455729166667 0.07112630208333331 0.9549153645833333 0.07112630208333331 0.9549153645833333 0.12809244791666666 0.8800455729166667 0.12809244791666666
2 0.85400390625 0.13785807291666666 0.998046875 0.13785807291666666 0.998046875 0.24989149305555552 0.85400390625 0.24989149305555552
