0 0.019042968749999986 0.017415364583333315 0.09391276041666666 0.017415364583333315 0.09391276041666666 0.06787109374999999 0.019042968749999986 0.06787109374999999
0 0.061360677083333315 0.12809244791666666 0.15738932291666666 0.12809244791666666 0.15738932291666666 0.20458984375 0.061360677083333315 0.20458984375
0 0.06624348958333331 0.20458984375 0.15250651041666666 0.20458984375 0.15250651041666666 0.25992838541666663 0.06624348958333331 0.25992838541666663
0 0.08577473958333331 0.25341796875 0.18831380208333331 0.25341796875 0.18831380208333331 0.31852213541666663 0.08577473958333331 0.31852213541666663
0 0.08089192708333331 0.38199869791666663 0.21272786458333331 0.38199869791666663 0.21272786458333331 0.4715169270833333 0.08089192708333331 0.4715169270833333
0 0.032063802083333315 0.31852213541666663 0.15576171875 0.31852213541666663 0.15576171875 0.38688151041666663 0.032063802083333315 0.38688151041666663
0 0.04996744791666666 0.5105794270833334 0.14111328125 0.5105794270833334 0.14111328125 0.6163736979166666 0.04996744791666666 0.6163736979166666
0 0.004394531249999986 0.48942057291666663 0.051595052083333315 0.48942057291666663 0.051595052083333315 0.64892578125 0.004394531249999986 0.64892578125
0 0.13297526041666666 0.5138346354166666 0.22086588541666669 0.5138346354166666 0.22086588541666669 0.6131184895833334 0.13297526041666666 0.6131184895833334
0 0.0011393229166666574 0.37711588541666663 0.07763671875 0.37711588541666663 0.07763671875 0.44873046875 0.0011393229166666574 0.44873046875
0 0.25830078125 0.23876953125 0.3575846354166667 0.23876953125 0.3575846354166667 0.3250325520833333 0.25830078125 0.3250325520833333
0 0.3966471354166667 0.22412109375 0.5252278645833333 0.22412109375 0.5252278645833333 0.3347981770833333 0.3966471354166667 0.3347981770833333
0 0.5301106770833333 0.23714192708333334 0.6114908854166667 0.23714192708333334 0.6114908854166667 0.3347981770833333 0.5301106770833333 0.3347981770833333
0 0.6131184895833333 0.2713216145833333 0.71240234375 0.2713216145833333 0.71240234375 0.3543294270833333 0.6131184895833333 0.3543294270833333
0 0.71728515625 0.26481119791666663 0.7937825520833333 0.26481119791666663 0.7937825520833333 0.3689778645833333 0.71728515625 0.3689778645833333
0 0.7205403645833333 0.17529296875 0.8035481770833333 0.17529296875 0.8035481770833333 0.2664388020833333 0.7205403645833333 0.2664388020833333
0 0.7286783854166667 0.03206380208333332 0.8035481770833333 0.03206380208333332 0.8035481770833333 0.13297526041666666 0.7286783854166667 0.13297526041666666
2 0.8328450520833333 0.11832682291666664 0.998046875 0.11832682291666664 0.998046875 0.35366149518474843 0.8328450520833333 0.35366149518474843
0 0.6472981770833333 0.4178059895833333 0.71728515625 0.4178059895833333 0.71728515625 0.52197265625 0.6472981770833333 0.52197265625
0 0.5870768229166667 0.4226888020833333 0.6570638020833333 0.4226888020833333 0.6570638020833333 0.5496419270833334 0.5870768229166667 0.5496419270833334
0 0.5040690104166667 0.4178059895833333 0.5724283854166667 0.4178059895833333 0.5724283854166667 0.51708984375 0.5040690104166667 0.51708984375
0 0.4454752604166667 0.4178059895833333 0.5040690104166667 0.4178059895833333 0.5040690104166667 0.5447591145833334 0.4454752604166667 0.5447591145833334
0 0.3722330729166667 0.39990234375 0.4210611979166667 0.39990234375 0.4210611979166667 0.5236002604166666 0.3722330729166667 0.5236002604166666
2 0.27294921875 0.3738606770833333 0.3787434895833333 0.3738606770833333 0.3787434895833333 0.5382486979166666 0.27294921875 0.5382486979166666
2 0.2908528645833333 0.5398763020833334 0.3868815104166667 0.5398763020833334 0.3868815104166667 0.7091471354166666 0.2908528645833333 0.7091471354166666
2 0.3836263020833333 0.5398763020833334 0.44873046875000006 0.5398763020833334 0.44873046875000006 0.7254231770833334 0.3836263020833333 0.7254231770833334
2 0.44384765625000006 0.5480143229166666 0.5040690104166667 0.5480143229166666 0.5040690104166667 0.7335611979166666 0.44384765625000006 0.7335611979166666
2 0.50244140625 0.5773111979166666 0.5577799479166667 0.5773111979166666 0.5577799479166667 0.7482096354166666 0.50244140625 0.7482096354166666
0 0.56103515625 0.60009765625 0.6131184895833333 0.60009765625 0.6131184895833333 0.7156575520833334 0.56103515625 0.7156575520833334
0 0.6261393229166667 0.60986328125 0.68798828125 0.60986328125 0.68798828125 0.7140299479166666 0.6261393229166667 0.7140299479166666
0 0.7010091145833333 0.5919596354166666 0.76123046875 0.5919596354166666 0.76123046875 0.70751953125 0.7010091145833333 0.70751953125
2 0.0011393229166666574 0.7010091145833334 0.20133463541666669 0.7010091145833334 0.20133463541666669 0.8621419270833334 0.0011393229166666574 0.8621419270833334
2 0.15413411458333331 0.7937825520833334 0.3299153645833333 0.7937825520833334 0.3299153645833333 0.9353841145833334 0.15413411458333331 0.9353841145833334
2 0.19319661458333331 0.7400716145833334 0.3494466145833333 0.7400716145833334 0.3494466145833333 0.84912109375 0.19319661458333331 0.84912109375
3 0.3347981770833333 0.7530924479166666 0.44873046875000006 0.7530924479166666 0.44873046875000006 0.8800455729166666 0.3347981770833333 0.8800455729166666
0 0.4454752604166667 0.7937825520833334 0.5398763020833333 0.7937825520833334 0.5398763020833333 0.8767903645833334 0.4454752604166667 0.8767903645833334
3 0.54150390625 0.7872721354166666 0.6424153645833333 0.7872721354166666 0.6424153645833333 0.97607421875 0.54150390625 0.97607421875
0 0.6326497395833333 0.83935546875 0.7091471354166667 0.83935546875 0.7091471354166667 0.92236328125 0.6326497395833333 0.92236328125
0 0.7140299479166667 0.8523763020833334 0.78564453125 0.8523763020833334 0.78564453125 0.97607421875 0.7140299479166667 0.97607421875
0 0.78076171875 0.88330078125 0.8605143229166667 0.88330078125 0.8605143229166667 0.9777018229166666 0.78076171875 0.9777018229166666
1 0.3787434895833333 0.8946940104166666 0.5418472290039062 0.8946940104166666 0.5418472290039062 0.998046875 0.3787434895833333 0.998046875
0 0.8702799479166667 0.9044596354166666 0.92724609375 0.9044596354166666 0.92724609375 0.97607421875 0.8702799479166667 0.97607421875
0 0.2908528645833333 0.8670247395833334 0.41455078125 0.8670247395833334 0.41455078125 0.9793294270833334 0.2908528645833333 0.9793294270833334
0 0.05973307291666666 0.90283203125 0.15738932291666666 0.90283203125 0.15738932291666666 0.9939778645833334 0.05973307291666666 0.9939778645833334
