3 0.002766927083333315 0.019042968749999983 0.5154622395833333 0.019042968749999983 0.5154622395833333 0.19319661458333334 0.002766927083333315 0.19319661458333334
2 0.5187174479166667 0.006022135416666648 0.64404296875 0.006022135416666648 0.64404296875 0.17529296875 0.5187174479166667 0.17529296875
2 0.4031575520833333 0.16715494791666666 0.6310221354166667 0.16715494791666666 0.6310221354166667 0.5040690104166666 0.4031575520833333 0.5040690104166666
2 0.39990234375 0.50732421875 0.58056640625 0.50732421875 0.58056640625 0.64404296875 0.39990234375 0.64404296875
2 0.3982747395833333 0.6505533854166666 0.5724283854166667 0.6505533854166666 0.5724283854166667 0.8377278645833334 0.3982747395833333 0.8377278645833334
2 0.70751953125 0.09716796874999999 0.998046875 0.09716796874999999 0.998046875 0.22701259165502802 0.70751953125 0.22701259165502802
1 0.7823893229166667 0.038574218749999986 0.97119140625 0.038574218749999986 0.97119140625 0.10367838541666664 0.7823893229166667 0.10367838541666664
2 0.6896158854166667 0.22086588541666666 0.9923502604166667 0.22086588541666666 0.9923502604166667 0.42106119791666663 0.6896158854166667 0.42106119791666663
0 0.72705078125 0.5138346354166666 0.7742513020833333 0.5138346354166666 0.7742513020833333 0.5919596354166666 0.72705078125 0.5919596354166666
0 0.80517578125 0.5138346354166666 0.8767903645833333 0.5138346354166666 0.8767903645833333 0.6163736979166666 0.80517578125 0.6163736979166666
0 0.8963216145833333 0.5138346354166666 0.9874674479166667 0.5138346354166666 0.9874674479166667 0.6033528645833334 0.8963216145833333 0.6033528645833334
3 0.70751953125 0.63427734375 0.8458658854166667 0.63427734375 0.8458658854166667 0.8523763020833334 0.70751953125 0.8523763020833334
2 0.86376953125 0.64404296875 0.998046875 0.64404296875 0.998046875 0.8705348738704821 0.86376953125 0.8705348738704821
0 0.023925781249999986 0.9305013020833334 0.09391276041666666 0.9305013020833334 0.09391276041666666 0.9890950520833334 0.023925781249999986 0.9890950520833334
0 0.11018880208333331 0.94677734375 0.15576171875 0.94677734375 0.15576171875 0.99072265625 0.11018880208333331 0.99072265625
