0 0.0011393229166666574 0.36246744791666663 0.05322265625 0.36246744791666663 0.05322265625 0.48942057291666663 0.0011393229166666574 0.48942057291666663
0 0.06298828125 0.3445638020833333 0.13297526041666666 0.3445638020833333 0.13297526041666666 0.49430338541666663 0.06298828125 0.49430338541666663
0 0.13134765625 0.40641276041666663 0.21598307291666669 0.40641276041666663 0.21598307291666669 0.50244140625 0.13134765625 0.50244140625
0 0.23225911458333331 0.40478515625 0.3087565104166667 0.40478515625 0.3087565104166667 0.5447591145833334 0.23225911458333331 0.5447591145833334
1 0.3185221354166667 0.39176432291666663 0.40478515625 0.39176432291666663 0.40478515625 0.5528971354166666 0.3185221354166667 0.5528971354166666
0 0.40966796875 0.4422200520833333 0.48779296875000006 0.4422200520833333 0.48779296875000006 0.59033203125 0.40966796875 0.59033203125
0 0.49755859375000006 0.48779296875 0.58544921875 0.48779296875 0.58544921875 0.6114908854166666 0.49755859375000006 0.6114908854166666
0 0.5870768229166667 0.48291015625 0.6619466145833333 0.48291015625 0.6619466145833333 0.60009765625 0.5870768229166667 0.60009765625
0 0.6749674479166667 0.5008138020833334 0.7530924479166667 0.5008138020833334 0.7530924479166667 0.6505533854166666 0.6749674479166667 0.6505533854166666
0 0.7579752604166667 0.52197265625 0.8279622395833333 0.52197265625 0.8279622395833333 0.6765950520833334 0.7579752604166667 0.6765950520833334
0 0.8328450520833333 0.5382486979166666 0.9288736979166667 0.5382486979166666 0.9288736979166667 0.6912434895833334 0.8328450520833333 0.6912434895833334
0 0.9288736979166667 0.5626627604166666 0.998046875 0.5626627604166666 0.998046875 0.7175505264945654 0.9288736979166667 0.7175505264945654
0 0.004394531249999986 0.61474609375 0.05810546875 0.61474609375 0.05810546875 0.7433268229166666 0.004394531249999986 0.7433268229166666
0 0.05810546875 0.6310221354166666 0.14436848958333331 0.6310221354166666 0.14436848958333331 0.7628580729166666 0.05810546875 0.7628580729166666
0 0.15413411458333331 0.6554361979166666 0.23388671875 0.6554361979166666 0.23388671875 0.7937825520833334 0.15413411458333331 0.7937825520833334
0 0.23876953125 0.6717122395833334 0.3282877604166667 0.6717122395833334 0.3282877604166667 0.7840169270833334 0.23876953125 0.7840169270833334
0 0.3347981770833333 0.6896158854166666 0.39501953125 0.6896158854166666 0.39501953125 0.7840169270833334 0.3347981770833333 0.7840169270833334
0 0.4226888020833333 0.72216796875 0.5056966145833333 0.72216796875 0.5056966145833333 0.8019205729166666 0.4226888020833333 0.8019205729166666
0 0.4178059895833333 0.7921549479166666 0.49267578125000006 0.7921549479166666 0.49267578125000006 0.83935546875 0.4178059895833333 0.83935546875
0 0.50244140625 0.74658203125 0.58056640625 0.74658203125 0.58056640625 0.8458658854166666 0.50244140625 0.8458658854166666
0 0.58544921875 0.76611328125 0.67822265625 0.76611328125 0.67822265625 0.8702799479166666 0.58544921875 0.8702799479166666
0 0.67822265625 0.7775065104166666 0.7530924479166667 0.7775065104166666 0.7530924479166667 0.88330078125 0.67822265625 0.88330078125
0 0.7482096354166667 0.7986653645833334 0.8458658854166667 0.7986653645833334 0.8458658854166667 0.9142252604166666 0.7482096354166667 0.9142252604166666
0 0.8426106770833333 0.8214518229166666 0.9549153645833333 0.8214518229166666 0.9549153645833333 0.9435221354166666 0.8426106770833333 0.9435221354166666
0 0.9093424479166667 0.9060872395833334 0.9972330729166667 0.9060872395833334 0.9972330729166667 0.99560546875 0.9093424479166667 0.99560546875
0 0.5398763020833333 0.9239908854166666 0.6310221354166667 0.9239908854166666 0.6310221354166667 0.9972330729166666 0.5398763020833333 0.9972330729166666
0 0.43896484375000006 0.8914388020833334 0.5398763020833333 0.8914388020833334 0.5398763020833333 0.99072265625 0.43896484375000006 0.99072265625
0 0.35595703125 0.89306640625 0.4454752604166667 0.89306640625 0.4454752604166667 0.9890950520833334 0.35595703125 0.9890950520833334
0 0.27294921875 0.8751627604166666 0.3689778645833333 0.8751627604166666 0.3689778645833333 0.9793294270833334 0.27294921875 0.9793294270833334
0 0.19807942708333331 0.8556315104166666 0.2762044270833333 0.8556315104166666 0.2762044270833333 0.9435221354166666 0.19807942708333331 0.9435221354166666
1 0.09391276041666666 0.7872721354166666 0.20133463541666669 0.7872721354166666 0.20133463541666669 0.98583984375 0.09391276041666666 0.98583984375
0 0.010904947916666657 0.8019205729166666 0.09716796875 0.8019205729166666 0.09716796875 0.91259765625 0.010904947916666657 0.91259765625
