0 0.002766927083333315 0.24365234375 0.06624348958333331 0.24365234375 0.06624348958333331 0.3494466145833333 0.002766927083333315 0.3494466145833333
0 0.03531901041666666 0.18505859375 0.12972005208333331 0.18505859375 0.12972005208333331 0.2762044270833333 0.03531901041666666 0.2762044270833333
0 0.10530598958333331 0.11832682291666664 0.16878255208333331 0.11832682291666664 0.16878255208333331 0.19156901041666666 0.10530598958333331 0.19156901041666666
0 0.18668619791666669 0.04996744791666665 0.26318359375 0.04996744791666665 0.26318359375 0.11507161458333331 0.18668619791666669 0.11507161458333331
0 0.23714192708333331 0.006022135416666648 0.3527018229166667 0.006022135416666648 0.3527018229166667 0.06461588541666664 0.23714192708333331 0.06461588541666664
0 0.002766927083333315 0.48453776041666663 0.07926432291666666 0.48453776041666663 0.07926432291666666 0.5773111979166666 0.002766927083333315 0.5773111979166666
0 0.027180989583333315 0.43082682291666663 0.11832682291666666 0.43082682291666663 0.11832682291666666 0.5301106770833334 0.027180989583333315 0.5301106770833334
0 0.10693359375 0.3689778645833333 0.19156901041666669 0.3689778645833333 0.19156901041666669 0.4568684895833333 0.10693359375 0.4568684895833333
0 0.14762369791666666 0.2810872395833333 0.24690755208333331 0.2810872395833333 0.24690755208333331 0.39176432291666663 0.14762369791666666 0.39176432291666663
0 0.21435546875 0.22574869791666666 0.3103841145833333 0.22574869791666666 0.3103841145833333 0.33154296875 0.21435546875 0.33154296875
0 0.27783203125 0.16064453125 0.3933919270833333 0.16064453125 0.3933919270833333 0.2664388020833333 0.27783203125 0.2664388020833333
0 0.3478190104166667 0.09554036458333331 0.44384765625000006 0.09554036458333331 0.44384765625000006 0.19645182291666666 0.3478190104166667 0.19645182291666666
0 0.40966796875 0.017415364583333315 0.54150390625 0.017415364583333315 0.54150390625 0.13460286458333334 0.40966796875 0.13460286458333334
0 0.007649739583333315 0.7872721354166666 0.07112630208333331 0.7872721354166666 0.07112630208333331 0.87841796875 0.007649739583333315 0.87841796875
0 0.04508463541666666 0.7286783854166666 0.13297526041666666 0.7286783854166666 0.13297526041666666 0.81494140625 0.04508463541666666 0.81494140625
0 0.11018880208333331 0.6603190104166666 0.20621744791666669 0.6603190104166666 0.20621744791666669 0.7791341145833334 0.11018880208333331 0.7791341145833334
2 0.023925781249999986 0.90771484375 0.24202473958333331 0.90771484375 0.24202473958333331 0.99560546875 0.023925781249999986 0.99560546875
2 0.16715494791666669 0.7547200520833334 0.3494466145833333 0.7547200520833334 0.3494466145833333 0.9386393229166666 0.16715494791666669 0.9386393229166666
2 0.4357096354166667 0.7042643229166666 0.7140299479166667 0.7042643229166666 0.7140299479166667 0.9630533854166666 0.4357096354166667 0.9630533854166666
0 0.74658203125 0.60498046875 0.8409830729166667 0.60498046875 0.8409830729166667 0.7107747395833334 0.74658203125 0.7107747395833334
2 0.7010091145833333 0.8312174479166666 0.8279622395833333 0.8312174479166666 0.8279622395833333 0.96142578125 0.7010091145833333 0.96142578125
3 0.60009765625 0.89794921875 0.7841481854838709 0.89794921875 0.7841481854838709 0.998046875 0.60009765625 0.998046875
2 0.9353841145833333 0.9435221354166666 0.998046875 0.9435221354166666 0.998046875 0.9970147357723579 0.9353841145833333 0.9970147357723579
0 0.8426106770833333 0.7010091145833334 0.94677734375 0.7010091145833334 0.94677734375 0.81005859375 0.8426106770833333 0.81005859375
0 0.7937825520833333 0.7986653645833334 0.8670247395833333 0.7986653645833334 0.8670247395833333 0.8719075520833334 0.7937825520833333 0.8719075520833334
1 0.7970377604166667 0.5398763020833334 0.91748046875 0.5398763020833334 0.91748046875 0.67333984375 0.7970377604166667 0.67333984375
1 0.8605143229166667 0.46826171875 0.9874674479166667 0.46826171875 0.9874674479166667 0.5968424479166666 0.8605143229166667 0.5968424479166666
2 0.89794921875 0.40641276041666663 0.998046875 0.40641276041666663 0.998046875 0.485522198420699 0.89794921875 0.485522198420699
0 0.91259765625 0.6472981770833334 0.99560546875 0.6472981770833334 0.99560546875 0.7433268229166666 0.91259765625 0.7433268229166666
