0 0.05485026041666666 0.7058919270833334 0.13623046875 0.7058919270833334 0.13623046875 0.80029296875 0.05485026041666666 0.80029296875
0 0.14599609375 0.7205403645833334 0.22574869791666669 0.7205403645833334 0.22574869791666669 0.8328450520833334 0.14599609375 0.8328450520833334
0 0.22412109375 0.7303059895833334 0.3103841145833333 0.7303059895833334 0.3103841145833333 0.8230794270833334 0.22412109375 0.8230794270833334
0 0.3087565104166667 0.7237955729166666 0.3933919270833333 0.7237955729166666 0.3933919270833333 0.84912109375 0.3087565104166667 0.84912109375
0 0.4129231770833333 0.7384440104166666 0.4763997395833333 0.7384440104166666 0.4763997395833333 0.86865234375 0.4129231770833333 0.86865234375
0 0.09065755208333331 0.8556315104166666 0.19645182291666669 0.8556315104166666 0.19645182291666669 0.9597981770833334 0.09065755208333331 0.9597981770833334
0 0.22086588541666669 0.9191080729166666 0.3282877604166667 0.9191080729166666 0.3282877604166667 0.9972330729166666 0.22086588541666669 0.9972330729166666
0 0.3152669270833333 0.93212890625 0.4210611979166667 0.93212890625 0.4210611979166667 0.9890950520833334 0.3152669270833333 0.9890950520833334
0 0.7579752604166667 0.7742513020833334 0.8458658854166667 0.7742513020833334 0.8458658854166667 0.8995768229166666 0.7579752604166667 0.8995768229166666
1 0.8523763020833333 0.7888997395833334 0.9451497395833333 0.7888997395833334 0.9451497395833333 0.90283203125 0.8523763020833333 0.90283203125
0 0.9500325520833333 0.8019205729166666 0.998046875 0.8019205729166666 0.998046875 0.9046178747106483 0.9500325520833333 0.9046178747106483
0 0.7384440104166667 0.92236328125 0.8283182779947915 0.92236328125 0.8283182779947915 0.998046875 0.7384440104166667 0.998046875
0 0.91748046875 0.9109700520833334 0.9890950520833333 0.9109700520833334 0.9890950520833333 0.9646809895833334 0.91748046875 0.9646809895833334
0 0.93701171875 0.5675455729166666 0.9972330729166667 0.5675455729166666 0.9972330729166667 0.66845703125 0.93701171875 0.66845703125
0 0.8426106770833333 0.5821940104166666 0.9288736979166667 0.5821940104166666 0.9288736979166667 0.6603190104166666 0.8426106770833333 0.6603190104166666
0 0.70263671875 0.5236002604166666 0.82470703125 0.5236002604166666 0.82470703125 0.6700846354166666 0.70263671875 0.6700846354166666
0 0.7791341145833333 0.48779296875 0.8214518229166667 0.48779296875 0.8214518229166667 0.52685546875 0.7791341145833333 0.52685546875
0 0.5935872395833333 0.27783203125 0.7205403645833333 0.27783203125 0.7205403645833333 0.40478515625 0.5935872395833333 0.40478515625
0 0.5870768229166667 0.5236002604166666 0.6814778645833333 0.5236002604166666 0.6814778645833333 0.6261393229166666 0.5870768229166667 0.6261393229166666
0 0.72705078125 0.30875651041666663 0.8084309895833333 0.30875651041666663 0.8084309895833333 0.42431640625 0.72705078125 0.42431640625
