0 0.004394531249999986 0.009277343749999983 0.08251953125 0.009277343749999983 0.08251953125 0.11669921874999999 0.004394531249999986 0.11669921874999999
0 0.09228515625 0.006022135416666648 0.16878255208333331 0.006022135416666648 0.16878255208333331 0.13134765625 0.09228515625 0.13134765625
0 0.18505859375 0.038574218749999986 0.2648111979166667 0.038574218749999986 0.2648111979166667 0.14274088541666666 0.18505859375 0.14274088541666666
0 0.26806640625 0.05485026041666665 0.3494466145833333 0.05485026041666665 0.3494466145833333 0.15250651041666666 0.26806640625 0.15250651041666666
0 0.3494466145833333 0.08902994791666664 0.4422200520833333 0.08902994791666664 0.4422200520833333 0.18180338541666666 0.3494466145833333 0.18180338541666666
0 0.4422200520833333 0.10693359374999999 0.5236002604166667 0.10693359374999999 0.5236002604166667 0.19482421875 0.4422200520833333 0.19482421875
0 0.5236002604166667 0.10205078124999999 0.60986328125 0.10205078124999999 0.60986328125 0.20458984375 0.5236002604166667 0.20458984375
0 0.6017252604166667 0.12809244791666666 0.7058919270833333 0.12809244791666666 0.7058919270833333 0.21761067708333334 0.6017252604166667 0.21761067708333334
2 0.6944986979166667 0.06136067708333332 0.83447265625 0.06136067708333332 0.83447265625 0.27783203125 0.6944986979166667 0.27783203125
0 0.006022135416666657 0.24690755208333334 0.04345703125 0.24690755208333334 0.04345703125 0.36246744791666663 0.006022135416666657 0.36246744791666663
0 0.04833984375 0.2713216145833333 0.12809244791666666 0.2713216145833333 0.12809244791666666 0.3787434895833333 0.04833984375 0.3787434895833333
0 0.13948567708333331 0.27783203125 0.21923828125 0.27783203125 0.21923828125 0.39176432291666663 0.13948567708333331 0.39176432291666663
0 0.23063151041666669 0.28759765625 0.31201171875 0.28759765625 0.31201171875 0.38525390625 0.23063151041666669 0.38525390625
0 0.30712890625 0.29736328125 0.3885091145833333 0.29736328125 0.3885091145833333 0.40478515625 0.30712890625 0.40478515625
0 0.3933919270833333 0.31689453125 0.48291015625000006 0.31689453125 0.48291015625000006 0.43082682291666663 0.3933919270833333 0.43082682291666663
1 0.4812825520833333 0.3103841145833333 0.5984700520833333 0.3103841145833333 0.5984700520833333 0.4617513020833333 0.4812825520833333 0.4617513020833333
1 0.5724283854166667 0.33642578125 0.67822265625 0.33642578125 0.67822265625 0.45361328125 0.5724283854166667 0.45361328125
0 0.6603190104166667 0.36083984375 0.7628580729166667 0.36083984375 0.7628580729166667 0.48942057291666663 0.6603190104166667 0.48942057291666663
0 0.6277669270833333 0.5187174479166666 0.7091471354166667 0.5187174479166666 0.7091471354166667 0.63427734375 0.6277669270833333 0.63427734375
0 0.5431315104166667 0.5105794270833334 0.61474609375 0.5105794270833334 0.61474609375 0.6228841145833334 0.5431315104166667 0.6228841145833334
1 0.4405924479166667 0.47802734375 0.5626627604166667 0.47802734375 0.5626627604166667 0.63427734375 0.4405924479166667 0.63427734375
0 0.38037109375 0.48942057291666663 0.4454752604166667 0.48942057291666663 0.4454752604166667 0.5870768229166666 0.38037109375 0.5870768229166666
0 0.27783203125 0.4617513020833333 0.37060546875 0.4617513020833333 0.37060546875 0.5789388020833334 0.27783203125 0.5789388020833334
0 0.18668619791666669 0.45524088541666663 0.2810872395833333 0.45524088541666663 0.2810872395833333 0.5691731770833334 0.18668619791666669 0.5691731770833334
0 0.051595052083333315 0.4617513020833333 0.17854817708333331 0.4617513020833333 0.17854817708333331 0.5740559895833334 0.051595052083333315 0.5740559895833334
0 0.15413411458333331 0.69775390625 0.22737630208333331 0.69775390625 0.22737630208333331 0.7872721354166666 0.15413411458333331 0.7872721354166666
0 0.3087565104166667 0.8279622395833334 0.4226888020833333 0.8279622395833334 0.4226888020833333 0.95654296875 0.3087565104166667 0.95654296875
0 0.3689778645833333 0.71240234375 0.4552408854166667 0.71240234375 0.4552408854166667 0.8214518229166666 0.3689778645833333 0.8214518229166666
1 0.46826171875000006 0.70751953125 0.5838216145833333 0.70751953125 0.5838216145833333 0.8816731770833334 0.46826171875000006 0.8816731770833334
0 0.5740559895833333 0.75634765625 0.66357421875 0.75634765625 0.66357421875 0.8816731770833334 0.5740559895833333 0.8816731770833334
0 0.4064127604166667 0.9060872395833334 0.50732421875 0.9060872395833334 0.50732421875 0.98583984375 0.4064127604166667 0.98583984375
0 0.004394531249999986 0.84423828125 0.06298828125 0.84423828125 0.06298828125 0.9646809895833334 0.004394531249999986 0.9646809895833334
0 0.017415364583333315 0.8898111979166666 0.13948567708333331 0.8898111979166666 0.13948567708333331 0.99560546875 0.017415364583333315 0.99560546875
0 0.0011393229166666574 0.5496419270833334 0.05322265625 0.5496419270833334 0.05322265625 0.6456705729166666 0.0011393229166666574 0.6456705729166666
0 0.68798828125 0.8670247395833334 0.7726236979166667 0.8670247395833334 0.7726236979166667 0.94677734375 0.68798828125 0.94677734375
1 0.9337565104166667 0.8474934895833334 0.998046875 0.8474934895833334 0.998046875 0.9745061610772359 0.9337565104166667 0.9745061610772359
0 0.8865559895833333 0.7742513020833334 0.9679361979166667 0.7742513020833334 0.9679361979166667 0.8702799479166666 0.8865559895833333 0.8702799479166666
0 0.8409830729166667 0.66845703125 0.9386393229166667 0.66845703125 0.9386393229166667 0.75634765625 0.8409830729166667 0.75634765625
1 0.8116861979166667 0.5447591145833334 0.98583984375 0.5447591145833334 0.98583984375 0.6668294270833334 0.8116861979166667 0.6668294270833334
0 0.8572591145833333 0.46012369791666663 0.9581705729166667 0.46012369791666663 0.9581705729166667 0.5398763020833334 0.8572591145833333 0.5398763020833334
0 0.88330078125 0.36735026041666663 0.9695638020833333 0.36735026041666663 0.9695638020833333 0.4519856770833333 0.88330078125 0.4519856770833333
0 0.8865559895833333 0.28759765625 0.9972330729166667 0.28759765625 0.9972330729166667 0.37060546875 0.8865559895833333 0.37060546875
0 0.9060872395833333 0.18668619791666666 0.998046875 0.18668619791666666 0.998046875 0.26437623473419536 0.9060872395833333 0.26437623473419536
0 0.9191080729166667 0.10042317708333331 0.998046875 0.10042317708333331 0.998046875 0.18567708333333333 0.9191080729166667 0.18567708333333333
0 0.9337565104166667 0.010904947916666647 0.998046875 0.010904947916666647 0.998046875 0.09401200457317072 0.9337565104166667 0.09401200457317072
