2 0.22086588541666669 0.006022135416666648 0.36572265625 0.006022135416666648 0.36572265625 0.12972005208333334 0.22086588541666669 0.12972005208333334
3 0.3624674479166667 0.0011393229166666479 0.55126953125 0.0011393229166666479 0.55126953125 0.08740234374999999 0.3624674479166667 0.08740234374999999
2 0.3234049479166667 0.06461588541666664 0.56103515625 0.06461588541666664 0.56103515625 0.17529296875 0.3234049479166667 0.17529296875
3 0.55615234375 0.002766927083333315 0.68310546875 0.002766927083333315 0.68310546875 0.15576171875 0.55615234375 0.15576171875
2 0.17529296875 0.12320963541666664 0.4161783854166667 0.12320963541666664 0.4161783854166667 0.44384765625 0.17529296875 0.44384765625
2 0.4210611979166667 0.15250651041666666 0.9581705729166667 0.15250651041666666 0.9581705729166667 0.41617838541666663 0.4210611979166667 0.41617838541666663
3 0.2648111979166667 0.43570963541666663 0.43408203125000006 0.43570963541666663 0.43408203125000006 0.55615234375 0.2648111979166667 0.55615234375
3 0.3722330729166667 0.5984700520833334 0.5105794270833333 0.5984700520833334 0.5105794270833333 0.80517578125 0.3722330729166667 0.80517578125
2 0.21435546875 0.8019205729166666 0.40966796875 0.8019205729166666 0.40966796875 0.8963216145833334 0.21435546875 0.8963216145833334
2 0.3787434895833333 0.76611328125 0.7644856770833333 0.76611328125 0.7644856770833333 0.87841796875 0.3787434895833333 0.87841796875
3 0.7840169270833333 0.6700846354166666 0.998046875 0.6700846354166666 0.998046875 0.8295000448994252 0.7840169270833333 0.8295000448994252
