0 0.4812825520833333 0.0011393229166666479 0.5594075520833333 0.0011393229166666479 0.5594075520833333 0.07763671874999999 0.4812825520833333 0.07763671874999999
1 0.46826171875000006 0.10856119791666664 0.6310221354166667 0.10856119791666664 0.6310221354166667 0.23876953125 0.46826171875000006 0.23876953125
0 0.5236002604166667 0.21923828125 0.6261393229166667 0.21923828125 0.6261393229166667 0.3152669270833333 0.5236002604166667 0.3152669270833333
1 0.54150390625 0.2762044270833333 0.70751953125 0.2762044270833333 0.70751953125 0.4031575520833333 0.54150390625 0.4031575520833333
0 0.6424153645833333 0.38525390625 0.7189127604166667 0.38525390625 0.7189127604166667 0.48779296875 0.6424153645833333 0.48779296875
0 0.7530924479166667 0.4715169270833333 0.8572591145833333 0.4715169270833333 0.8572591145833333 0.5740559895833334 0.7530924479166667 0.5740559895833334
0 0.8084309895833333 0.5577799479166666 0.9353841145833333 0.5577799479166666 0.9353841145833333 0.6717122395833334 0.8084309895833333 0.6717122395833334
0 0.86376953125 0.6277669270833334 0.9581705729166667 0.6277669270833334 0.9581705729166667 0.7205403645833334 0.86376953125 0.7205403645833334
0 0.9288736979166667 0.67822265625 0.9939778645833333 0.67822265625 0.9939778645833333 0.7498372395833334 0.9288736979166667 0.7498372395833334
0 0.9142252604166667 0.4763997395833333 0.9923502604166667 0.4763997395833333 0.9923502604166667 0.5577799479166666 0.9142252604166667 0.5577799479166666
0 0.88330078125 0.4373372395833333 0.9728190104166667 0.4373372395833333 0.9728190104166667 0.5154622395833334 0.88330078125 0.5154622395833334
0 0.9093424479166667 0.35270182291666663 0.9842122395833333 0.35270182291666663 0.9842122395833333 0.41455078125 0.9093424479166667 0.41455078125
0 0.7726236979166667 0.34293619791666663 0.8361002604166667 0.34293619791666663 0.8361002604166667 0.39990234375 0.7726236979166667 0.39990234375
1 0.67822265625 0.26481119791666663 0.8181966145833333 0.26481119791666663 0.8181966145833333 0.36572265625 0.67822265625 0.36572265625
0 0.70751953125 0.20133463541666666 0.77099609375 0.20133463541666666 0.77099609375 0.28434244791666663 0.70751953125 0.28434244791666663
0 0.7791341145833333 0.15901692708333334 0.8670247395833333 0.15901692708333334 0.8670247395833333 0.25992838541666663 0.7791341145833333 0.25992838541666663
0 0.8702799479166667 0.12320963541666664 0.9239908854166667 0.12320963541666664 0.9239908854166667 0.19645182291666666 0.8702799479166667 0.19645182291666666
0 0.9239908854166667 0.10530598958333331 0.9923502604166667 0.10530598958333331 0.9923502604166667 0.16552734375 0.9239908854166667 0.16552734375
0 0.8377278645833333 0.2908528645833333 0.9109700520833333 0.2908528645833333 0.9109700520833333 0.35758463541666663 0.8377278645833333 0.35758463541666663
0 0.89306640625 0.22249348958333334 0.96630859375 0.22249348958333334 0.96630859375 0.29736328125 0.89306640625 0.29736328125
0 0.9532877604166667 0.19970703125 0.998046875 0.19970703125 0.998046875 0.29220920138888873 0.9532877604166667 0.29220920138888873
0 0.5724283854166667 0.002766927083333315 0.6212565104166667 0.002766927083333315 0.6212565104166667 0.07926432291666664 0.5724283854166667 0.07926432291666664
0 0.64404296875 0.004394531249999982 0.7237955729166667 0.004394531249999982 0.7237955729166667 0.06949869791666664 0.64404296875 0.06949869791666664
0 0.6310221354166667 0.08740234374999999 0.6749674479166667 0.08740234374999999 0.6749674479166667 0.17529296875 0.6310221354166667 0.17529296875
0 0.68310546875 0.06949869791666664 0.7726236979166667 0.06949869791666664 0.7726236979166667 0.15901692708333334 0.68310546875 0.15901692708333334
0 0.8068033854166667 0.03694661458333332 0.8865559895833333 0.03694661458333332 0.8865559895833333 0.10856119791666664 0.8068033854166667 0.10856119791666664
0 0.89306640625 0.010904947916666647 0.98583984375 0.010904947916666647 0.98583984375 0.07275390624999999 0.89306640625 0.07275390624999999
