0 0.004394531249999986 0.006022135416666648 0.056477864583333315 0.006022135416666648 0.056477864583333315 0.10856119791666664 0.004394531249999986 0.10856119791666664
0 0.10367838541666666 0.038574218749999986 0.22249348958333331 0.038574218749999986 0.22249348958333331 0.12646484375 0.10367838541666666 0.12646484375
0 0.11507161458333331 0.14111328125 0.19970703125 0.14111328125 0.19970703125 0.21435546875 0.11507161458333331 0.21435546875
0 0.07438151041666666 0.22574869791666666 0.19970703125 0.22574869791666666 0.19970703125 0.29410807291666663 0.07438151041666666 0.29410807291666663
0 0.06461588541666666 0.31363932291666663 0.19319661458333331 0.31363932291666663 0.19319661458333331 0.39176432291666663 0.06461588541666666 0.39176432291666663
0 0.04833984375 0.3982747395833333 0.20133463541666669 0.3982747395833333 0.20133463541666669 0.5040690104166666 0.04833984375 0.5040690104166666
0 0.09879557291666666 0.50244140625 0.18994140625 0.50244140625 0.18994140625 0.5870768229166666 0.09879557291666666 0.5870768229166666
0 0.11181640625 0.58056640625 0.19970703125 0.58056640625 0.19970703125 0.6765950520833334 0.11181640625 0.6765950520833334
0 0.12809244791666666 0.68798828125 0.21110026041666669 0.68798828125 0.21110026041666669 0.7547200520833334 0.12809244791666666 0.7547200520833334
0 0.14111328125 0.7791341145833334 0.23876953125 0.7791341145833334 0.23876953125 0.8865559895833334 0.14111328125 0.8865559895833334
0 0.004394531249999986 0.8214518229166666 0.06461588541666666 0.8214518229166666 0.06461588541666666 0.9402669270833334 0.004394531249999986 0.9402669270833334
0 0.015787760416666657 0.8963216145833334 0.13460286458333331 0.8963216145833334 0.13460286458333331 0.99072265625 0.015787760416666657 0.99072265625
0 0.34619140625 0.004394531249999982 0.4747721354166667 0.004394531249999982 0.4747721354166667 0.08414713541666664 0.34619140625 0.08414713541666664
0 0.33642578125 0.07763671874999999 0.4259440104166667 0.07763671874999999 0.4259440104166667 0.16227213541666666 0.33642578125 0.16227213541666666
0 0.3185221354166667 0.16064453125 0.4210611979166667 0.16064453125 0.4210611979166667 0.24202473958333334 0.3185221354166667 0.24202473958333334
0 0.3103841145833333 0.25016276041666663 0.4471028645833333 0.25016276041666663 0.4471028645833333 0.32828776041666663 0.3103841145833333 0.32828776041666663
0 0.3136393229166667 0.34293619791666663 0.42431640625000006 0.34293619791666663 0.42431640625000006 0.42431640625 0.3136393229166667 0.42431640625
1 0.2745768229166667 0.41617838541666663 0.48779296875000006 0.41617838541666663 0.48779296875000006 0.5333658854166666 0.2745768229166667 0.5333658854166666
0 0.3250325520833333 0.5236002604166666 0.4422200520833333 0.5236002604166666 0.4422200520833333 0.6163736979166666 0.3250325520833333 0.6163736979166666
0 0.3347981770833333 0.6212565104166666 0.4519856770833333 0.6212565104166666 0.4519856770833333 0.70751953125 0.3347981770833333 0.70751953125
1 0.3087565104166667 0.7107747395833334 0.4910481770833333 0.7107747395833334 0.4910481770833333 0.84423828125 0.3087565104166667 0.84423828125
0 0.3689778645833333 0.8035481770833334 0.5008138020833333 0.8035481770833334 0.5008138020833333 0.9060872395833334 0.3689778645833333 0.9060872395833334
0 0.40478515625 0.8865559895833334 0.5447591145833333 0.8865559895833334 0.5447591145833333 0.98583984375 0.40478515625 0.98583984375
0 0.49267578125000006 0.007649739583333316 0.6212565104166667 0.007649739583333316 0.6212565104166667 0.10530598958333331 0.49267578125000006 0.10530598958333331
0 0.4796549479166667 0.11181640624999999 0.6180013020833333 0.11181640624999999 0.6180013020833333 0.19156901041666666 0.4796549479166667 0.19156901041666666
0 0.47802734375000006 0.19482421875 0.6114908854166667 0.19482421875 0.6114908854166667 0.29248046875 0.47802734375000006 0.29248046875
0 0.4650065104166667 0.28271484375 0.59521484375 0.28271484375 0.59521484375 0.38199869791666663 0.4650065104166667 0.38199869791666663
0 0.4861653645833333 0.38037109375 0.58544921875 0.38037109375 0.58544921875 0.45361328125 0.4861653645833333 0.45361328125
0 0.48291015625000006 0.4910481770833333 0.5968424479166667 0.4910481770833333 0.5968424479166667 0.5724283854166666 0.48291015625000006 0.5724283854166666
0 0.51220703125 0.5642903645833334 0.6212565104166667 0.5642903645833334 0.6212565104166667 0.6668294270833334 0.51220703125 0.6668294270833334
0 0.50732421875 0.6847330729166666 0.6375325520833333 0.6847330729166666 0.6375325520833333 0.7937825520833334 0.50732421875 0.7937825520833334
0 0.5480143229166667 0.7775065104166666 0.6505533854166667 0.7775065104166666 0.6505533854166667 0.8898111979166666 0.5480143229166667 0.8898111979166666
0 0.5870768229166667 0.8719075520833334 0.6993815104166667 0.8719075520833334 0.6993815104166667 0.9793294270833334 0.5870768229166667 0.9793294270833334
0 0.7547200520833333 0.04996744791666665 0.8328450520833333 0.04996744791666665 0.8328450520833333 0.13623046875 0.7547200520833333 0.13623046875
2 0.7205403645833333 0.6456705729166666 0.94677734375 0.6456705729166666 0.94677734375 0.9500325520833334 0.7205403645833333 0.9500325520833334
0 0.8426106770833333 0.9191080729166666 0.9586023862670067 0.9191080729166666 0.9586023862670067 0.998046875 0.8426106770833333 0.998046875
