0 0.18831380208333331 0.0011393229166666479 0.2745768229166667 0.0011393229166666479 0.2745768229166667 0.03206380208333332 0.18831380208333331 0.03206380208333332
0 0.2696940104166667 0.0011393229166666479 0.3380533854166667 0.0011393229166666479 0.3380533854166667 0.05485026041666665 0.2696940104166667 0.05485026041666665
1 0.2794596354166667 0.06298828124999999 0.40966796875 0.06298828124999999 0.40966796875 0.17854817708333334 0.2794596354166667 0.17854817708333334
0 0.3478190104166667 0.012532552083333315 0.4503580729166667 0.012532552083333315 0.4503580729166667 0.07438151041666664 0.3478190104166667 0.07438151041666664
0 0.5040690104166667 0.012532552083333315 0.6180013020833333 0.012532552083333315 0.6180013020833333 0.11344401041666664 0.5040690104166667 0.11344401041666664
0 0.48291015625000006 0.10530598958333331 0.5724283854166667 0.10530598958333331 0.5724283854166667 0.20133463541666666 0.48291015625000006 0.20133463541666666
0 0.40478515625 0.18505859375 0.49755859375000006 0.18505859375 0.49755859375000006 0.26806640625 0.40478515625 0.26806640625
0 0.3494466145833333 0.24365234375 0.4324544270833333 0.24365234375 0.4324544270833333 0.3201497395833333 0.3494466145833333 0.3201497395833333
0 0.2794596354166667 0.29410807291666663 0.3771158854166667 0.29410807291666663 0.3771158854166667 0.37060546875 0.2794596354166667 0.37060546875
0 0.16715494791666669 0.16552734375 0.2664388020833333 0.16552734375 0.2664388020833333 0.26969401041666663 0.16715494791666669 0.26969401041666663
0 0.06949869791666666 0.12972005208333334 0.17041015625 0.12972005208333334 0.17041015625 0.22412109375 0.06949869791666666 0.22412109375
0 0.007649739583333315 0.07600911458333331 0.07926432291666666 0.07600911458333331 0.07926432291666666 0.16552734375 0.007649739583333315 0.16552734375
0 0.006022135416666657 0.33642578125 0.09228515625 0.33642578125 0.09228515625 0.43082682291666663 0.006022135416666657 0.43082682291666663
0 0.05322265625 0.39013671875 0.15413411458333331 0.39013671875 0.15413411458333331 0.5203450520833334 0.05322265625 0.5203450520833334
0 0.15901692708333331 0.48453776041666663 0.2517903645833333 0.48453776041666663 0.2517903645833333 0.5691731770833334 0.15901692708333331 0.5691731770833334
0 0.20621744791666669 0.5577799479166666 0.33642578125 0.5577799479166666 0.33642578125 0.6912434895833334 0.20621744791666669 0.6912434895833334
0 0.13297526041666666 0.63427734375 0.22086588541666669 0.63427734375 0.22086588541666669 0.7254231770833334 0.13297526041666666 0.7254231770833334
0 0.07600911458333331 0.6212565104166666 0.13134765625 0.6212565104166666 0.13134765625 0.6765950520833334 0.07600911458333331 0.6765950520833334
0 0.002766927083333315 0.67333984375 0.10856119791666666 0.67333984375 0.10856119791666666 0.79052734375 0.002766927083333315 0.79052734375
0 0.4031575520833333 0.4471028645833333 0.51708984375 0.4471028645833333 0.51708984375 0.54150390625 0.4031575520833333 0.54150390625
0 0.4357096354166667 0.5480143229166666 0.5301106770833333 0.5480143229166666 0.5301106770833333 0.61474609375 0.4357096354166667 0.61474609375
0 0.5984700520833333 0.4959309895833333 0.6847330729166667 0.4959309895833333 0.6847330729166667 0.5887044270833334 0.5984700520833333 0.5887044270833334
0 0.5577799479166667 0.3347981770833333 0.6375325520833333 0.3347981770833333 0.6375325520833333 0.4324544270833333 0.5577799479166667 0.4324544270833333
0 0.60498046875 0.2762044270833333 0.70263671875 0.2762044270833333 0.70263671875 0.3885091145833333 0.60498046875 0.3885091145833333
0 0.67333984375 0.20458984375 0.7596028645833333 0.20458984375 0.7596028645833333 0.2957356770833333 0.67333984375 0.2957356770833333
0 0.71240234375 0.11507161458333331 0.8133138020833333 0.11507161458333331 0.8133138020833333 0.22412109375 0.71240234375 0.22412109375
1 0.7351888020833333 0.023925781249999983 0.8800455729166667 0.023925781249999983 0.8800455729166667 0.13785807291666666 0.7351888020833333 0.13785807291666666
1 0.70263671875 0.4373372395833333 0.81494140625 0.4373372395833333 0.81494140625 0.59033203125 0.70263671875 0.59033203125
0 0.81005859375 0.46500651041666663 0.9142252604166667 0.46500651041666663 0.9142252604166667 0.5545247395833334 0.81005859375 0.5545247395833334
0 0.8165690104166667 0.3055013020833333 0.94189453125 0.3055013020833333 0.94189453125 0.41129557291666663 0.8165690104166667 0.41129557291666663
0 0.8898111979166667 0.23225911458333334 0.9793294270833333 0.23225911458333334 0.9793294270833333 0.30712890625 0.8898111979166667 0.30712890625
0 0.9191080729166667 0.14274088541666666 0.9874674479166667 0.14274088541666666 0.9874674479166667 0.23714192708333334 0.9191080729166667 0.23714192708333334
0 0.9386393229166667 0.06787109374999999 0.998046875 0.06787109374999999 0.998046875 0.13672984730113635 0.9386393229166667 0.13672984730113635
2 0.2648111979166667 0.7937825520833334 0.4357096354166667 0.7937825520833334 0.4357096354166667 0.9695638020833334 0.2648111979166667 0.9695638020833334
2 0.4617513020833333 0.7303059895833334 0.61962890625 0.7303059895833334 0.61962890625 0.94189453125 0.4617513020833333 0.94189453125
0 0.6033528645833333 0.72216796875 0.64404296875 0.72216796875 0.64404296875 0.7986653645833334 0.6033528645833333 0.7986653645833334
1 0.6375325520833333 0.7010091145833334 0.70263671875 0.7010091145833334 0.70263671875 0.8328450520833334 0.6375325520833333 0.8328450520833334
0 0.6961263020833333 0.6944986979166666 0.74658203125 0.6944986979166666 0.74658203125 0.7970377604166666 0.6961263020833333 0.7970377604166666
0 0.7449544270833333 0.7107747395833334 0.7872721354166667 0.7107747395833334 0.7872721354166667 0.7775065104166666 0.7449544270833333 0.7775065104166666
0 0.7791341145833333 0.6944986979166666 0.8361002604166667 0.6944986979166666 0.8361002604166667 0.7677408854166666 0.7791341145833333 0.7677408854166666
0 0.8361002604166667 0.7010091145833334 0.86865234375 0.7010091145833334 0.86865234375 0.7644856770833334 0.8361002604166667 0.7644856770833334
0 0.8719075520833333 0.6798502604166666 0.91748046875 0.6798502604166666 0.91748046875 0.7482096354166666 0.8719075520833333 0.7482096354166666
1 0.9158528645833333 0.6570638020833334 0.97607421875 0.6570638020833334 0.97607421875 0.79052734375 0.9158528645833333 0.79052734375
0 0.7205403645833333 0.89794921875 0.7840169270833333 0.89794921875 0.7840169270833333 0.9728190104166666 0.7205403645833333 0.9728190104166666
0 0.76611328125 0.90283203125 0.81494140625 0.90283203125 0.81494140625 0.96142578125 0.76611328125 0.96142578125
0 0.81005859375 0.8849283854166666 0.8621419270833333 0.8849283854166666 0.8621419270833333 0.9532877604166666 0.81005859375 0.9532877604166666
0 0.8507486979166667 0.8751627604166666 0.90771484375 0.8751627604166666 0.90771484375 0.9402669270833334 0.8507486979166667 0.9402669270833334
0 0.67333984375 0.91259765625 0.72705078125 0.91259765625 0.72705078125 0.9793294270833334 0.67333984375 0.9793294270833334
