0 0.06461588541666666 0.009277343749999983 0.13623046875 0.009277343749999983 0.13623046875 0.08414713541666664 0.06461588541666666 0.08414713541666664
0 0.14274088541666666 0.022298177083333315 0.24365234375 0.022298177083333315 0.24365234375 0.13623046875 0.14274088541666666 0.13623046875
0 0.24690755208333331 0.053222656249999986 0.33642578125 0.053222656249999986 0.33642578125 0.14762369791666666 0.24690755208333331 0.14762369791666666
0 0.34130859375 0.048339843749999986 0.4129231770833333 0.048339843749999986 0.4129231770833333 0.18505859375 0.34130859375 0.18505859375
0 0.4210611979166667 0.09065755208333331 0.5203450520833333 0.09065755208333331 0.5203450520833333 0.19970703125 0.4210611979166667 0.19970703125
0 0.5154622395833333 0.11995442708333331 0.5870768229166667 0.11995442708333331 0.5870768229166667 0.21598307291666666 0.5154622395833333 0.21598307291666666
0 0.4666341145833333 0.0011393229166666479 0.5496419270833333 0.0011393229166666479 0.5496419270833333 0.03531901041666665 0.4666341145833333 0.03531901041666665
0 0.5545247395833333 0.004394531249999982 0.6326497395833333 0.004394531249999982 0.6326497395833333 0.058105468749999986 0.5545247395833333 0.058105468749999986
0 0.6424153645833333 0.004394531249999982 0.7482096354166667 0.004394531249999982 0.7482096354166667 0.10367838541666664 0.6424153645833333 0.10367838541666664
0 0.6163736979166667 0.13134765625 0.70751953125 0.13134765625 0.70751953125 0.23388671875 0.6163736979166667 0.23388671875
0 0.6993815104166667 0.14762369791666666 0.8019205729166667 0.14762369791666666 0.8019205729166667 0.26481119791666663 0.6993815104166667 0.26481119791666663
0 0.7530924479166667 0.0011393229166666479 0.8361002604166667 0.0011393229166666479 0.8361002604166667 0.06624348958333331 0.7530924479166667 0.06624348958333331
0 0.82470703125 0.009277343749999983 0.9191080729166667 0.009277343749999983 0.9191080729166667 0.11344401041666664 0.82470703125 0.11344401041666664
0 0.9191080729166667 0.015787760416666647 0.9972330729166667 0.015787760416666647 0.9972330729166667 0.14762369791666666 0.9191080729166667 0.14762369791666666
0 0.7840169270833333 0.15576171875 0.8914388020833333 0.15576171875 0.8914388020833333 0.26806640625 0.7840169270833333 0.26806640625
0 0.8767903645833333 0.19156901041666666 0.9679361979166667 0.19156901041666666 0.9679361979166667 0.30875651041666663 0.8767903645833333 0.30875651041666663
0 0.9581705729166667 0.21598307291666666 0.998046875 0.21598307291666666 0.998046875 0.30171712239583337 0.9581705729166667 0.30171712239583337
0 0.04345703125 0.22737630208333334 0.10205078125 0.22737630208333334 0.10205078125 0.30224609375 0.04345703125 0.30224609375
0 0.11018880208333331 0.2566731770833333 0.19482421875 0.2566731770833333 0.19482421875 0.38037109375 0.11018880208333331 0.38037109375
0 0.20621744791666669 0.27945963541666663 0.2810872395833333 0.27945963541666663 0.2810872395833333 0.35107421875 0.20621744791666669 0.35107421875
0 0.3055013020833333 0.30224609375 0.3917643229166667 0.30224609375 0.3917643229166667 0.3982747395833333 0.3055013020833333 0.3982747395833333
0 0.3982747395833333 0.31201171875 0.49267578125000006 0.31201171875 0.49267578125000006 0.4080403645833333 0.3982747395833333 0.4080403645833333
1 0.4747721354166667 0.30387369791666663 0.5724283854166667 0.30387369791666663 0.5724283854166667 0.47314453125 0.4747721354166667 0.47314453125
0 0.5724283854166667 0.35758463541666663 0.6554361979166667 0.35758463541666663 0.6554361979166667 0.47802734375 0.5724283854166667 0.47802734375
1 0.65869140625 0.34619140625 0.75146484375 0.34619140625 0.75146484375 0.51220703125 0.65869140625 0.51220703125
0 0.7449544270833333 0.39990234375 0.8312174479166667 0.39990234375 0.8312174479166667 0.5154622395833334 0.7449544270833333 0.5154622395833334
0 0.8361002604166667 0.40478515625 0.92724609375 0.40478515625 0.92724609375 0.5349934895833334 0.8361002604166667 0.5349934895833334
0 0.92236328125 0.4324544270833333 0.998046875 0.4324544270833333 0.998046875 0.5235836522108842 0.92236328125 0.5235836522108842
0 0.96630859375 0.6180013020833334 0.998046875 0.6180013020833334 0.998046875 0.7218720407196968 0.96630859375 0.7218720407196968
0 0.8751627604166667 0.6066080729166666 0.9630533854166667 0.6066080729166666 0.9630533854166667 0.7091471354166666 0.8751627604166667 0.7091471354166666
0 0.7872721354166667 0.5821940104166666 0.8751627604166667 0.5821940104166666 0.8751627604166667 0.6863606770833334 0.7872721354166667 0.6863606770833334
0 0.69775390625 0.57568359375 0.7921549479166667 0.57568359375 0.7921549479166667 0.6700846354166666 0.69775390625 0.6700846354166666
0 0.6066080729166667 0.53662109375 0.6993815104166667 0.53662109375 0.6993815104166667 0.6619466145833334 0.6066080729166667 0.6619466145833334
0 0.5089518229166667 0.5056966145833334 0.6033528645833333 0.5056966145833334 0.6033528645833333 0.63916015625 0.5089518229166667 0.63916015625
0 0.4405924479166667 0.49430338541666663 0.5056966145833333 0.49430338541666663 0.5056966145833333 0.60986328125 0.4405924479166667 0.60986328125
0 0.3640950520833333 0.5040690104166666 0.4373372395833333 0.5040690104166666 0.4373372395833333 0.5968424479166666 0.3640950520833333 0.5968424479166666
0 0.26806640625 0.4715169270833333 0.3429361979166667 0.4715169270833333 0.3429361979166667 0.5789388020833334 0.26806640625 0.5789388020833334
0 0.15901692708333331 0.43896484375 0.2501627604166667 0.43896484375 0.2501627604166667 0.5528971354166666 0.15901692708333331 0.5528971354166666
0 0.061360677083333315 0.4324544270833333 0.15576171875 0.4324544270833333 0.15576171875 0.5398763020833334 0.061360677083333315 0.5398763020833334
0 0.006022135416666657 0.38199869791666663 0.06624348958333331 0.38199869791666663 0.06624348958333331 0.5105794270833334 0.006022135416666657 0.5105794270833334
2 0.08740234375 0.6375325520833334 0.23876953125 0.6375325520833334 0.23876953125 0.81982421875 0.08740234375 0.81982421875
0 0.08740234375 0.8507486979166666 0.18668619791666669 0.8507486979166666 0.18668619791666669 0.9484049479166666 0.08740234375 0.9484049479166666
0 0.18668619791666669 0.87353515625 0.2713216145833333 0.87353515625 0.2713216145833333 0.9695638020833334 0.18668619791666669 0.9695638020833334
1 0.27294921875 0.8621419270833334 0.3689778645833333 0.8621419270833334 0.3689778645833333 0.9972330729166666 0.27294921875 0.9972330729166666
1 0.3592122395833333 0.89306640625 0.4471028645833333 0.89306640625 0.4471028645833333 0.9972330729166666 0.3592122395833333 0.9972330729166666
0 0.4552408854166667 0.9060872395833334 0.5349934895833333 0.9060872395833334 0.5349934895833333 0.99560546875 0.4552408854166667 0.99560546875
0 0.5398763020833333 0.94677734375 0.6066080729166667 0.94677734375 0.6066080729166667 0.9972330729166666 0.5398763020833333 0.9972330729166666
0 0.6277669270833333 0.94189453125 0.7144019717261904 0.94189453125 0.7144019717261904 0.998046875 0.6277669270833333 0.998046875
0 0.23388671875 0.70751953125 0.29736328125 0.70751953125 0.29736328125 0.7726236979166666 0.23388671875 0.7726236979166666
0 0.2908528645833333 0.70263671875 0.39013671875 0.70263671875 0.39013671875 0.8328450520833334 0.2908528645833333 0.8328450520833334
0 0.40478515625 0.7303059895833334 0.48779296875000006 0.7303059895833334 0.48779296875000006 0.8361002604166666 0.40478515625 0.8361002604166666
0 0.4943033854166667 0.7482096354166666 0.5773111979166667 0.7482096354166666 0.5773111979166667 0.8361002604166666 0.4943033854166667 0.8361002604166666
0 0.5773111979166667 0.7726236979166666 0.6570638020833333 0.7726236979166666 0.6570638020833333 0.8556315104166666 0.5773111979166667 0.8556315104166666
0 0.6619466145833333 0.8019205729166666 0.7286783854166667 0.8019205729166666 0.7286783854166667 0.8800455729166666 0.6619466145833333 0.8800455729166666
0 0.75634765625 0.8116861979166666 0.8084309895833333 0.8116861979166666 0.8084309895833333 0.88818359375 0.75634765625 0.88818359375
0 0.81982421875 0.8279622395833334 0.91748046875 0.8279622395833334 0.91748046875 0.9581705729166666 0.81982421875 0.9581705729166666
0 0.91259765625 0.84423828125 0.998046875 0.84423828125 0.998046875 0.9755768952546297 0.91259765625 0.9755768952546297
