0 0.65380859375 0.11181640624999999 0.75634765625 0.11181640624999999 0.75634765625 0.26806640625 0.65380859375 0.26806640625
0 0.7921549479166667 0.22574869791666666 0.87841796875 0.22574869791666666 0.87841796875 0.33642578125 0.7921549479166667 0.33642578125
0 0.9158528645833333 0.23876953125 0.9972330729166667 0.23876953125 0.9972330729166667 0.34130859375 0.9158528645833333 0.34130859375
0 0.9060872395833333 0.41455078125 0.9793294270833333 0.41455078125 0.9793294270833333 0.5398763020833334 0.9060872395833333 0.5398763020833334
0 0.73681640625 0.4178059895833333 0.8181966145833333 0.4178059895833333 0.8181966145833333 0.55126953125 0.73681640625 0.55126953125
0 0.55126953125 0.5138346354166666 0.61962890625 0.5138346354166666 0.61962890625 0.60986328125 0.55126953125 0.60986328125
0 0.3933919270833333 0.3982747395833333 0.5252278645833333 0.3982747395833333 0.5252278645833333 0.52197265625 0.3933919270833333 0.52197265625
0 0.14925130208333331 0.35758463541666663 0.3136393229166667 0.35758463541666663 0.3136393229166667 0.50244140625 0.14925130208333331 0.50244140625
1 0.07112630208333331 0.48779296875 0.26318359375 0.48779296875 0.26318359375 0.64892578125 0.07112630208333331 0.64892578125
0 0.04833984375 0.86865234375 0.21761067708333331 0.86865234375 0.21761067708333331 0.9939778645833334 0.04833984375 0.9939778645833334
