0 0.12972005208333331 0.10856119791666664 0.23714192708333331 0.10856119791666664 0.23714192708333331 0.20621744791666666 0.12972005208333331 0.20621744791666666
0 0.11181640625 0.23225911458333334 0.22086588541666669 0.23225911458333334 0.22086588541666669 0.30387369791666663 0.11181640625 0.30387369791666663
0 0.14762369791666666 0.30224609375 0.2713216145833333 0.30224609375 0.2713216145833333 0.4080403645833333 0.14762369791666666 0.4080403645833333
0 0.13948567708333331 0.019042968749999983 0.25830078125 0.019042968749999983 0.25830078125 0.10693359374999999 0.13948567708333331 0.10693359374999999
0 0.22574869791666669 0.35758463541666663 0.3429361979166667 0.35758463541666663 0.3429361979166667 0.48291015625 0.22574869791666669 0.48291015625
0 0.3966471354166667 0.3885091145833333 0.4910481770833333 0.3885091145833333 0.4910481770833333 0.49430338541666663 0.3966471354166667 0.49430338541666663
0 0.4910481770833333 0.44059244791666663 0.58056640625 0.44059244791666663 0.58056640625 0.53173828125 0.4910481770833333 0.53173828125
0 0.49755859375000006 0.3982747395833333 0.59033203125 0.3982747395833333 0.59033203125 0.4568684895833333 0.49755859375000006 0.4568684895833333
0 0.3624674479166667 0.12646484375 0.47802734375000006 0.12646484375 0.47802734375000006 0.23225911458333334 0.3624674479166667 0.23225911458333334
1 0.4064127604166667 0.004394531249999982 0.5626627604166667 0.004394531249999982 0.5626627604166667 0.11507161458333331 0.4064127604166667 0.11507161458333331
1 0.4747721354166667 0.12320963541666664 0.5724283854166667 0.12320963541666664 0.5724283854166667 0.23551432291666666 0.4747721354166667 0.23551432291666666
0 0.5773111979166667 0.14274088541666666 0.66357421875 0.14274088541666666 0.66357421875 0.22412109375 0.5773111979166667 0.22412109375
0 0.6017252604166667 0.048339843749999986 0.70263671875 0.048339843749999986 0.70263671875 0.15087890625 0.6017252604166667 0.15087890625
2 0.70263671875 0.8653971354166666 0.90283203125 0.8653971354166666 0.90283203125 0.9777018229166666 0.70263671875 0.9777018229166666
2 0.6944986979166667 0.55615234375 0.998046875 0.55615234375 0.998046875 0.8645443747229611 0.6944986979166667 0.8645443747229611
0 0.73193359375 0.4373372395833333 0.81005859375 0.4373372395833333 0.81005859375 0.5333658854166666 0.73193359375 0.5333658854166666
0 0.7596028645833333 0.32666015625 0.90283203125 0.32666015625 0.90283203125 0.4226888020833333 0.7596028645833333 0.4226888020833333
0 0.79052734375 0.21272786458333334 0.9158528645833333 0.21272786458333334 0.9158528645833333 0.33642578125 0.79052734375 0.33642578125
0 0.81982421875 0.11507161458333331 0.90283203125 0.11507161458333331 0.90283203125 0.21923828125 0.81982421875 0.21923828125
0 0.8670247395833333 0.028808593749999983 0.92724609375 0.028808593749999983 0.92724609375 0.12158203124999999 0.8670247395833333 0.12158203124999999
