damagedresidentialbuilding 0.9109665155410767 0.0 424.4317932128906 34.19581604003906 472.0672912597656
undamagedresidentialbuilding 0.8462766408920288 76.45207214355469 363.74951171875 123.72682189941406 420.3170166015625
undamagedresidentialbuilding 0.8306029438972473 25.19525146484375 377.25335693359375 67.38381958007812 433.03546142578125
undamagedcommercialbuilding 0.8203075528144836 92.14518737792969 8.8031005859375 133.7295379638672 65.14421081542969
damagedresidentialbuilding 0.7993221879005432 353.923583984375 83.91044616699219 404.0218505859375 142.24317932128906
damagedresidentialbuilding 0.7779542207717896 165.64471435546875 92.71988677978516 214.501708984375 125.90416717529297
damagedresidentialbuilding 0.7631658315658569 416.0080261230469 72.00120544433594 490.1004943847656 124.28648376464844
damagedresidentialbuilding 0.7561100721359253 244.7764892578125 128.2960662841797 294.79571533203125 174.3474578857422
undamagedresidentialbuilding 0.7200229167938232 172.61622619628906 310.80645751953125 211.55442810058594 372.561767578125
undamagedresidentialbuilding 0.7171472907066345 245.88641357421875 1.2594528198242188 300.8092041015625 67.50309753417969
undamagedresidentialbuilding 0.6963397860527039 414.51702880859375 168.33465576171875 458.44879150390625 216.637451171875
damagedcommercialbuilding 0.6741365194320679 76.26051330566406 173.670654296875 152.4744415283203 225.8333740234375
undamagedresidentialbuilding 0.6434059143066406 126.45645904541016 201.32180786132812 198.65652465820312 259.33782958984375
undamagedresidentialbuilding 0.6064120531082153 147.4171600341797 0.05393218994140625 194.45860290527344 42.95024871826172
undamagedresidentialbuilding 0.606340229511261 362.5902404785156 279.51995849609375 414.2840881347656 367.7386474609375
undamagedresidentialbuilding 0.5994290709495544 310.10186767578125 112.91841125488281 359.16107177734375 155.71192932128906
undamagedresidentialbuilding 0.5755144953727722 273.53192138671875 421.565673828125 318.59320068359375 487.4285888671875
undamagedresidentialbuilding 0.560025691986084 0.04585075378417969 328.900634765625 19.949783325195312 376.45208740234375
damagedresidentialbuilding 0.5451934933662415 223.57028198242188 80.47294616699219 260.7697448730469 117.67112731933594
undamagedresidentialbuilding 0.5405187010765076 199.02072143554688 474.07220458984375 248.876708984375 511.9788818359375
undamagedresidentialbuilding 0.48296302556991577 132.38206481933594 339.984375 161.17262268066406 393.3375244140625
undamagedresidentialbuilding 0.4814172089099884 137.75814819335938 260.03643798828125 204.52059936523438 298.64642333984375
undamagedresidentialbuilding 0.41286200284957886 43.11652374267578 126.90199279785156 82.53226470947266 172.15431213378906
damagedresidentialbuilding 0.3818352520465851 76.24517822265625 172.82998657226562 151.5552978515625 225.87893676757812
undamagedcommercialbuilding 0.3809208273887634 125.89606475830078 201.19491577148438 200.36346435546875 259.7809143066406
damagedresidentialbuilding 0.3803490102291107 310.32763671875 113.08611297607422 359.49169921875 155.5125732421875
undamagedresidentialbuilding 0.3718332052230835 224.2838134765625 280.8993225097656 282.318115234375 352.7854309082031
undamagedresidentialbuilding 0.34075823426246643 415.5509033203125 71.97503662109375 490.4884033203125 124.66085815429688
undamagedresidentialbuilding 0.33623313903808594 223.23049926757812 79.86026763916016 261.0478210449219 116.96595001220703
undamagedcommercialbuilding 0.29478707909584045 139.74362182617188 259.9852294921875 205.38818359375 298.787109375
undamagedresidentialbuilding 0.2832286059856415 0.0923004150390625 59.77166748046875 22.38249397277832 111.04139709472656
damagedresidentialbuilding 0.2744499742984772 313.650146484375 0.11777687072753906 373.94580078125 18.56759262084961
